7.png	[[-8.749999046325684, -8.080194473266602], 2.4165924310685285]
17.png	[[0.0, 0.0], 0.10410745517232381]
27.png	[[0.01668647676706314, 0.016689134761691093], 8.305137033315363]
37.png	[[0.0, 0.0], 17.832206495183918]
47.png	[[0.0, 0.0], 22.89149663082911]
57.png	[[0.0, 0.0], 28.90550071085241]
67.png	[[0.0, 0.0], 29.610641104651823]
77.png	[[0.0, 0.0], 28.608215325448732]
87.png	[[0.0, 0.0], 28.5093747042328]
97.png	[[0.0, 0.0], 28.82154834021857]
107.png	[[0.0, 0.0], 28.817514301194752]
117.png	[[0.0, 0.0], 28.733724688761253]
127.png	[[0.0, 0.0], 28.740903559186908]
137.png	[[0.0, 0.0], 28.76293800869362]
147.png	[[0.0, 0.0], 28.75918892757151]
157.png	[[0.0, 0.0], 28.753609937076888]
167.png	[[0.0, 0.0], 28.755026141221958]
177.png	[[0.0, 0.0], 28.756392563962358]
187.png	[[0.0, 0.0], 28.75591534771964]
197.png	[[0.0, 0.0], 28.75560806880489]
207.png	[[0.0, 0.0], 28.755757419721014]
217.png	[[0.0, 0.0], 28.755819215589383]
227.png	[[0.0, 0.0], 28.755774584224373]
237.png	[[0.0, 0.0], 28.755759134124595]
247.png	[[0.0, 0.0], 28.755755700401323]
257.png	[[0.0, 0.0], 28.75576428351407]
267.png	[[0.0, 0.0], 28.75576428485076]
277.png	[[0.0, 0.0], 28.7557711507084]
287.png	[[0.0, 0.0], 28.755757418498632]
297.png	[[0.0, 0.0], 28.75575741566005]
307.png	[[0.0, 0.0], 28.755757418348033]
317.png	[[0.0, 0.0], 28.75576085097045]
327.png	[[0.0, 0.0], 28.755757417280012]
337.png	[[0.0, 0.0], 28.75575226771685]
347.png	[[0.0, 0.0], 28.75575741677223]
357.png	[[0.0, 0.0], 28.755757417602]
367.png	[[0.0, 0.0], 28.755752268479657]
377.png	[[0.0, 0.0], 28.755757418246606]
387.png	[[0.0, 0.0], 28.75576428362407]
397.png	[[0.0, 0.0], 28.755752267006603]
407.png	[[0.0, 0.0], 28.755759132108114]
417.png	[[0.0, 0.0], 28.75575570041695]
427.png	[[0.0, 0.0], 28.75575913437352]
437.png	[[0.0, 0.0], 28.75575913354322]
447.png	[[0.0, 0.0], 28.755764283899648]
457.png	[[0.0, 0.0], 28.755760850226526]
467.png	[[0.0, 0.0], 28.755771150594352]
477.png	[[0.0, 0.0], 28.75576085143883]
487.png	[[0.0, 0.0], 28.755764284759223]
497.png	[[0.0, 0.0], 28.74639500649071]
507.png	[[0.0, 0.0], 28.81132075685359]
517.png	[[0.0, 0.0], 28.754317182383975]
527.png	[[0.0, 0.0], 28.74111470735593]
537.png	[[0.0, 0.0], 28.75727490293627]
547.png	[[0.0, 0.0], 28.759551132336917]
557.png	[[0.0, 0.0], 28.755075922073903]
567.png	[[0.0, 0.0], 28.754814999084324]
577.png	[[0.0, 0.0], 28.756014910941783]
587.png	[[0.0, 0.0], 28.755987443574323]
597.png	[[0.0, 0.0], 28.755687037609317]
607.png	[[0.0, 0.0], 28.755719654898034]
617.png	[[0.0, 0.0], 28.75577973347958]
627.png	[[0.0, 0.0], 28.755771151147076]
637.png	[[0.0, 0.0], 28.755757418609832]
647.png	[[0.0, 0.0], 28.755759133694934]
657.png	[[0.0, 0.0], 28.755760850178614]
667.png	[[0.0, 0.0], 28.755764284092066]
677.png	[[0.0, 0.0], 28.755757418080016]
687.png	[[0.0, 0.0], 28.755752267599565]
697.png	[[0.0, 0.0], 28.75575741788581]
707.png	[[0.0, 0.0], 28.755760850383606]
717.png	[[0.0, 0.0], 28.755759133752935]
727.png	[[0.0, 0.0], 28.75342110781133]
737.png	[[0.0, 0.0], 28.755917062471354]
747.png	[[0.0, 0.0], 28.499410418413394]
757.png	[[0.0, 0.0], 27.888189035013077]
767.png	[[0.0, 0.0], 27.195261698942957]
777.png	[[0.0, 0.0], 25.717131447543004]
787.png	[[0.0, 0.0], 0.026827999043009948]
797.png	[[0.0, 0.0], 0.03151333583841645]
807.png	[[0.0, 0.0], 0.031983387913690584]
817.png	[[0.0, 0.0], 0.03200334398185004]
827.png	[[0.0, 0.0], 0.032009388508863534]
837.png	[[0.0, 0.0], 0.03200684711455004]
847.png	[[0.0, 0.0], 0.032011517510622416]
857.png	[[0.0, 0.0], 0.032006501779781475]
867.png	[[0.0, 0.0], 0.03200935162658839]
877.png	[[0.7020494937896729, 0.7067839503288269], 0.03200605586285312]
887.png	[[0.8842669725418091, 0.8917909860610962], 0.03200595527999654]
897.png	[[1.1894508600234985, 1.2031036615371704], 0.032009489091899775]
907.png	[[5.768238067626953, 6.102948188781738], 0.03200509697271307]
917.png	[[5.768238067626953, 6.102948188781738], 0.0017912177434861241]
927.png	[[5.768238067626953, 6.102948188781738], 2.313995292294521e-05]
937.png	[[5.768238067626953, 6.102948188781738], 8.514853094519565e-06]
947.png	[[5.768238067626953, 6.102948188781738], 3.854063402433453e-06]
957.png	[[5.768238067626953, 6.102948188781738], 3.069792894364746e-06]
967.png	[[5.768238067626953, 6.102948188781738], 1.7171435762577806e-06]
977.png	[[5.768238067626953, 6.102948188781738], 3.027899306510399e-06]
987.png	[[5.768238067626953, 6.102948188781738], 1.099247861299162e-06]
997.png	[[5.768238067626953, 6.102948188781738], 1.167743453484791e-06]
1007.png	[[5.768238067626953, 6.102948188781738], 1.5109120244282952e-06]
1017.png	[[5.768238067626953, 6.102948188781738], 3.376931436735328e-06]
1027.png	[[5.768238067626953, 6.102948188781738], 1.2907593401082304e-06]
1037.png	[[5.768238067626953, 6.102948188781738], 5.858362614561351e-07]
1047.png	[[5.768238067626953, 6.102948188781738], 9.616550251253224e-07]
1057.png	[[5.768238067626953, 6.102948188781738], 1.4422661771139223e-06]
1067.png	[[5.768238067626953, 6.102948188781738], 4.395894217961629e-06]
1077.png	[[5.768238067626953, 6.102948188781738], 5.536428402160504e-06]
1087.png	[[5.768238067626953, 6.102948188781738], 3.056544918888481e-06]
1097.png	[[5.768238067626953, 6.102948188781738], 3.5390428303911387e-06]
1107.png	[[5.768238067626953, 6.102948188781738], 1.3735305425199367e-06]
1117.png	[[5.768238067626953, 6.102948188781738], 3.098611682279869e-06]
1127.png	[[5.768238067626953, 6.102948188781738], 3.485380203006782e-07]
1137.png	[[5.768238067626953, 6.102948188781738], 3.6550839066166512e-06]
1147.png	[[5.768238067626953, 6.102948188781738], 8.241533310757219e-07]
1157.png	[[5.768238067626953, 6.102948188781738], 1.1676634975932457e-06]
1167.png	[[5.768238067626953, 6.102948188781738], 5.736422058569696e-06]
1177.png	[[5.768238067626953, 6.102948188781738], 1.8544163955372531e-06]
1187.png	[[5.768238067626953, 6.102948188781738], 2.129203732005488e-06]
1197.png	[[5.640259265899658, 5.959924221038818], 2.128947433850001]
1207.png	[[11.574504852294922, 12.98708724975586], 7.798987062711167]
1217.png	[[10.222206115722656, 11.312758445739746], 17.173064734345235]
1227.png	[[20.829269409179688, 25.657926559448242], 20.364171884435095]
1237.png	[[30.775409698486328, 41.446128845214844], 28.50147972587946]
1247.png	[[7.939657211303711, 8.585615158081055], 29.434795933692698]
1257.png	[[0.3901796340942383, 0.3916377127170563], 29.078507820954552]
1267.png	[[-1.7496311664581299, -1.7209094762802124], 4.721710577200454]
1277.png	[[-0.05541893094778061, -0.0553896389901638], 2.06741990384653]
1287.png	[[0.02951480634510517, 0.029523121193051338], 8.324669201495015]
1297.png	[[0.0, 0.0], 0.03209690405999925]
1307.png	[[-0.043089091777801514, -0.043071385473012924], 0.03201019312708948]
1317.png	[[0.0, 0.0], 0.03200916856122159]
1327.png	[[0.0, 0.0], 0.03200777256854468]
1337.png	[[-1.4398239850997925, -1.4203145503997803], 0.032009800896565264]
1347.png	[[-1.7050760984420776, -1.6777868270874023], 0.032004889100823636]
1357.png	[[-2.089320182800293, -2.0484983921051025], 0.03200560994833332]
1367.png	[[-2.089320182800293, -2.0484983921051025], 0.0014997368099322686]
1377.png	[[-2.089320182800293, -2.0484983921051025], 8.390818186688105e-05]
1387.png	[[-2.089320182800293, -2.0484983921051025], 9.065118243863874e-06]
1397.png	[[-2.089320182800293, -2.0484983921051025], 5.39028185909436e-06]
1407.png	[[-2.089320182800293, -2.0484983921051025], 5.837221925708451e-07]
1417.png	[[-2.089320182800293, -2.0484983921051025], 1.2217381589736743e-06]
1427.png	[[-2.089320182800293, -2.0484983921051025], 1.9057396218125188e-06]
1437.png	[[-2.089320182800293, -2.0484983921051025], 1.601322764617089e-07]
1447.png	[[-2.089320182800293, -2.0484983921051025], 2.0600523801177629e-07]
1457.png	[[-2.089320182800293, -2.0484983921051025], 2.7576467224466873e-07]
1467.png	[[-2.089320182800293, -2.0484983921051025], 6.81339283826937e-07]
1477.png	[[-2.089320182800293, -2.0484983921051025], 9.61912043757669e-07]
1487.png	[[-2.089320182800293, -2.0484983921051025], 1.4081002168543238e-06]
1497.png	[[-2.0722551345825195, -2.032090902328491], 0.6045773441603431]
1507.png	[[-1.7016713619232178, -1.674489974975586], 6.420255363686338]
1517.png	[[-0.43247225880622864, -0.4306949973106384], 10.471324181913985]
1527.png	[[0.023221489042043686, 0.02322663739323616], 18.941304338173754]
1537.png	[[0.0, 0.0], 27.972784543285897]
1547.png	[[0.0, 0.0], 27.891900022231194]
1557.png	[[0.0, 0.0], 29.13380131335077]
1567.png	[[0.0, 0.0], 28.96524661412682]
1577.png	[[0.037852708250284195, 0.03786638751626015], 28.643333579639936]
1587.png	[[-0.03785789757966995, -0.037844229489564896], 28.70672579377195]
1597.png	[[0.0, 0.0], 28.791461883641208]
1607.png	[[0.0, 0.0], 28.76629991801301]
1617.png	[[0.0, 0.0], 28.74549268102836]
1627.png	[[0.0, 0.0], 28.75376513478842]
1637.png	[[0.0, 0.0], 28.75864382219141]
1647.png	[[0.0, 0.0], 28.756079205940402]
1657.png	[[0.0, 0.0], 28.75498039825458]
1667.png	[[0.0, 0.0], 28.75573070609385]
1677.png	[[0.0, 0.0], 28.755972776382368]
1687.png	[[0.0, 0.0], 28.755770211530947]
1697.png	[[0.0, 0.0], 28.755717252706045]
1707.png	[[0.0, 0.0], 28.755758031936583]
1717.png	[[0.0, 0.0], 28.50181960244054]
1727.png	[[0.037838466465473175, 0.03785213083028793], 28.753581427670884]
1737.png	[[0.0, 0.0], 28.826156336363553]
1747.png	[[0.03784027695655823, 0.037853945046663284], 28.75152838381937]
1757.png	[[-0.010807058773934841, -0.010805943980813026], 28.73738526430841]
1767.png	[[0.0, 0.0], 28.758327947348004]
1777.png	[[0.0, 0.0], 28.76046515260202]
1787.png	[[0.010805418714880943, 0.010806532576680183], 28.754721340727205]
1797.png	[[0.0, 0.0], 28.754601503530075]
1807.png	[[0.0, 0.0], 28.756153081634583]
1817.png	[[-0.03785310685634613, -0.037839438766241074], 28.75605957459487]
1827.png	[[0.0, 0.0], 28.755652034656553]
1837.png	[[0.0, 0.0], 28.755708247807625]
1847.png	[[0.01080537773668766, 0.0108064915984869], 28.75579795787249]
1857.png	[[0.0, 0.0], 28.755773699848415]
1867.png	[[0.0, 0.0], 28.75575461299456]
1877.png	[[0.0, 0.0], 28.75576335009535]
1887.png	[[0.0, 0.0], 28.755777077898404]
1897.png	[[0.0, 0.0], 28.74639651440868]
1907.png	[[0.0, 0.0], 28.75612553353072]
1917.png	[[0.0, 0.0], 28.79419471082212]
1927.png	[[0.0, 0.0], 28.752843385118464]
1937.png	[[0.0, 0.0], 28.745788094130177]
1947.png	[[0.0, 0.0], 28.757317181282588]
1957.png	[[0.0, 0.0], 28.741795300279595]
1967.png	[[0.0, 0.0], 28.79352226520848]
1977.png	[[0.0, 0.0], 28.756717787648977]
1987.png	[[0.0, 0.0], 28.728656141685562]
1997.png	[[0.0, 0.0], 28.79611253221976]
2007.png	[[0.0, 0.0], 28.760052996558272]
2017.png	[[0.0, 0.0], 28.744708358733448]
2027.png	[[0.0, 0.0], 28.75547478464361]
2037.png	[[0.0, 0.0], 28.75873163193468]
2047.png	[[0.0, 0.0], 28.755615575224276]
2057.png	[[0.0, 0.0], 28.754989414116213]
2067.png	[[0.0, 0.0], 28.755873280209713]
2077.png	[[0.0, 0.0], 28.755959085110586]
2087.png	[[-0.010806494392454624, -0.01080537959933281], 28.75571683813956]
2097.png	[[0.0, 0.0], 28.75572554328968]
2107.png	[[0.0, 0.0], 28.75576849756299]
2117.png	[[-0.010806345380842686, -0.010805230587720871], 28.760047980353363]
2127.png	[[0.0, 0.0], 28.758391433106176]
2137.png	[[0.0, 0.0], 28.75442089971593]
2147.png	[[0.0, 0.0], 28.755169398854743]
2157.png	[[0.0, 0.0], 28.75617002872839]
2167.png	[[0.0, 0.0], 28.755897474127924]
2177.png	[[0.0, 0.0], 28.755655051332006]
2187.png	[[0.0, 0.0], 28.75575499608456]
2197.png	[[0.0, 0.0], 28.755811405933155]
2207.png	[[0.0, 0.0], 28.755768499545646]
2217.png	[[0.0, 0.0], 28.755756336055992]
2227.png	[[0.0, 0.0], 28.755758201951984]
2237.png	[[0.0, 0.0], 28.755756533919968]
2247.png	[[0.0, 0.0], 28.755754797207683]
2257.png	[[0.0, 0.0], 28.75575632665316]
2267.png	[[0.03783947229385376, 0.037853140383958817], 28.755754577865837]
2277.png	[[0.0, 0.0], 28.755773915103045]
2287.png	[[0.03783946856856346, 0.03785313665866852], 28.755768422866154]
2297.png	[[0.0, 0.0], 28.75577046137407]
2307.png	[[0.0, 0.0], 28.75575819769275]
2317.png	[[0.0, 0.0], 28.75576492160962]
2327.png	[[0.0, 0.0], 28.755753050507284]
2337.png	[[0.0, 0.0], 28.755763399224143]
2347.png	[[0.0, 0.0], 28.755749649231202]
2357.png	[[0.0, 0.0], 28.75575289403552]
2367.png	[[0.03783947229385376, 0.037853140383958817], 28.755747712470882]
2377.png	[[0.0, 0.0], 28.755768768297987]
2387.png	[[0.03783946856856346, 0.03785313665866852], 28.755763271452995]
2397.png	[[0.0, 0.0], 28.56594223889388]
2407.png	[[0.0, 0.0], 27.936863256897954]
2417.png	[[-0.010843676514923573, -0.010842555202543736], 27.515361054537383]
2427.png	[[-0.03818428888916969, -0.038170378655195236], 25.654514548176866]
2437.png	[[-0.01091720350086689, -0.010916066356003284], 25.113325267496027]
2447.png	[[-0.03835096210241318, -0.03833693265914917], 24.10983585411513]
2457.png	[[0.01229950599372387, 0.012300949543714523], 0.027266518402019917]
2467.png	[[0.030778715386986732, 0.030787760391831398], 0.03159223977763934]
2477.png	[[0.0, 0.0], 0.031986955861380846]
2487.png	[[0.0, 0.0], 0.03200612650378701]
2497.png	[[0.0, 0.0], 0.03200808428429533]
2507.png	[[0.0, 0.0], 0.03200633078823693]
2517.png	[[0.0, 0.0], 0.03200887218221742]
2527.png	[[1.0640287399291992, 1.0749412775039673], 0.03200763501231188]
2537.png	[[1.338760256767273, 1.3560800552368164], 0.032009251043415496]
2547.png	[[1.8031361103057861, 1.8346924781799316], 0.03200688064099112]
2557.png	[[17.068157196044922, 20.252357482910156], 0.0320088051262438]
2567.png	[[17.068157196044922, 20.252357482910156], 0.0014994963922451152]
2577.png	[[17.068157196044922, 20.252357482910156], 8.322190779431168e-05]
2587.png	[[17.068157196044922, 20.252357482910156], 4.2922354949705096e-06]
2597.png	[[17.068157196044922, 20.252357482910156], 6.248488945385967e-06]
2607.png	[[17.068157196044922, 20.252357482910156], 1.132984066308076e-06]
2617.png	[[17.068157196044922, 20.252357482910156], 2.646418022953299e-06]
2627.png	[[17.068157196044922, 20.252357482910156], 3.1586928123425542e-06]
2637.png	[[17.068157196044922, 20.252357482910156], 3.8109408834305646e-06]
2647.png	[[17.068157196044922, 20.252357482910156], 6.042519862516451e-06]
2657.png	[[17.068157196044922, 20.252357482910156], 1.8197236561194464e-06]
2667.png	[[17.068157196044922, 20.252357482910156], 2.506480867285259e-06]
2677.png	[[17.068157196044922, 20.252357482910156], 2.204816987377176e-06]
2687.png	[[17.068157196044922, 20.252357482910156], 3.707889089816515e-06]
2697.png	[[17.068157196044922, 20.252357482910156], 5.664834842030437e-06]
2707.png	[[16.72693634033203, 19.77920150756836], 2.0921543926062016]
2717.png	[[12.92767333984375, 14.707124710083008], 7.699089365607576]
2727.png	[[6.543951034545898, 6.977633953094482], 17.191593697451754]
2737.png	[[14.640907287597656, 16.949771881103516], 20.586084994347907]
2747.png	[[28.371337890625, 37.46321487426758], 28.844108673441397]
2757.png	[[9.111824989318848, 9.970765113830566], 29.621791352130263]
2767.png	[[0.13487878441810608, 0.13505259156227112], 29.001402283290016]
2777.png	[[0.007345947902649641, 0.007346462458372116], 25.716549392594025]
2787.png	[[-0.03721698746085167, -0.037203773856163025], 26.35952276692504]
2797.png	[[0.0, 0.0], 25.095794010784868]
2807.png	[[0.0, 0.0], 23.793104672338576]
2817.png	[[0.0, 0.0], 22.740456095525065]
2827.png	[[0.0, 0.0], 0.02759939724283483]
2837.png	[[0.0, 0.0], 0.03164646655335858]
2847.png	[[0.0, 0.0], 0.031986957212081966]
2857.png	[[0.0, 0.0], 0.03200811790370206]
2867.png	[[-0.030787913128733635, -0.03077886812388897], 0.03200695104905832]
2877.png	[[0.0, 0.0], 0.03200914710852861]
2887.png	[[0.992427408695221, 1.0019142627716064], 0.03200653865939796]
2897.png	[[1.2081665992736816, 1.2222548723220825], 0.03200798034800252]
2907.png	[[1.5423349142074585, 1.5653666257858276], 0.03200753442958246]
2917.png	[[16.641965866088867, 19.661828994750977], 0.032008047402203386]
2927.png	[[16.641965866088867, 19.661828994750977], 0.001794273375424643]
2937.png	[[16.641965866088867, 19.661828994750977], 2.327728386776619e-05]
2947.png	[[16.641965866088867, 19.661828994750977], 5.081744700711087e-06]
2957.png	[[16.641965866088867, 19.661828994750977], 4.052438306938324e-06]
2967.png	[[16.641965866088867, 19.661828994750977], 1.1853447792287396e-06]
2977.png	[[16.641965866088867, 19.661828994750977], 2.5762401653880736e-06]
2987.png	[[16.641965866088867, 19.661828994750977], 2.8244139271983317e-06]
2997.png	[[16.641965866088867, 19.661828994750977], 1.3733077809495548e-07]
3007.png	[[16.529998779296875, 19.507436752319336], 0.8712100220195284]
3017.png	[[13.494022369384766, 15.440418243408203], 6.471541722066372]
3027.png	[[7.436590671539307, 8.0009126663208], 15.245129894130473]
3037.png	[[13.182160377502441, 15.03564453125], 19.67625298603117]
3047.png	[[34.678619384765625, 48.05651092529297], 29.01596680775007]
3057.png	[[10.481588363647461, 11.630485534667969], 29.46812751232215]
3067.png	[[0.8029388785362244, 0.809137761592865], 29.166556756706452]
3077.png	[[-0.09367174655199051, -0.09358809888362885], 28.608930877191906]
3087.png	[[0.0, 0.0], 28.678963515288658]
3097.png	[[0.0, 0.0], 28.80951242184995]
3107.png	[[0.0, 0.0], 28.77233018839073]
3117.png	[[0.0, 0.0], 28.740241655313188]
3127.png	[[-0.037853408604860306, -0.03783974424004555], 28.752578846700498]
3137.png	[[0.037838976830244064, 0.03785264119505882], 28.760143302226446]
3147.png	[[0.0, 0.0], 28.7562922691326]
3157.png	[[0.010805416852235794, 0.010806530714035034], 28.754568398360398]
3167.png	[[0.0, 0.0], 28.755728805033666]
3177.png	[[0.0, 0.0], 28.75608601970115]
3187.png	[[0.0, 0.0], 28.755768662857783]
3197.png	[[0.0, 0.0], 28.75569463427763]
3207.png	[[0.0, 0.0], 28.75577048041671]
3217.png	[[0.010805378668010235, 0.01080649346113205], 28.755778609353676]
3227.png	[[0.0, 0.0], 28.75575492971726]
3237.png	[[0.0, 0.0], 28.755764893482137]
3247.png	[[0.0, 0.0], 28.755772117964895]
3257.png	[[0.03783946856856346, 0.03785313665866852], 28.755769854829367]
3267.png	[[0.0, 0.0], 28.755756717675638]
3277.png	[[0.0, 0.0], 28.755768311991527]
3287.png	[[0.0, 0.0], 28.7557581482087]
3297.png	[[0.0, 0.0], 28.755768446065524]
3307.png	[[0.0, 0.0], 28.75577687922345]
3317.png	[[-0.01080649346113205, -0.010805378668010235], 28.755758399620714]
3327.png	[[0.0, 0.0], 28.755761453031027]
3337.png	[[0.0, 0.0], 28.75576177922102]
3347.png	[[0.0, 0.0], 28.755764879896052]
3357.png	[[-0.03785313665866852, -0.03783946856856346], 28.755771917987634]
3367.png	[[0.0, 0.0], 28.755764866839023]
3377.png	[[0.0, 0.0], 28.75577189628]
3387.png	[[0.0, 0.0], 28.755763300016966]
3397.png	[[0.0, 0.0], 28.75576845036048]
3407.png	[[0.0, 0.0], 28.75577859653793]
3417.png	[[-0.01080649346113205, -0.010805378668010235], 28.755763549724584]
3427.png	[[0.0, 0.0], 28.755763169746675]
3437.png	[[0.0, 0.0], 28.755768645592237]
3447.png	[[0.0, 0.0], 28.75577174542728]
3457.png	[[-0.03785313665866852, -0.03783946856856346], 28.755758182895484]
3467.png	[[0.0, 0.0], 28.755754567438153]
3477.png	[[0.0, 0.0], 28.755780479564415]
3487.png	[[0.0, 0.0], 28.755771882230444]
3497.png	[[0.0, 0.0], 28.755765011310984]
3507.png	[[0.0, 0.0], 28.755776879442177]
3517.png	[[-0.01080649346113205, -0.010805378668010235], 28.755763550058447]
3527.png	[[0.0, 0.0], 28.755756303151458]
3537.png	[[0.0, 0.0], 28.75576177886275]
3547.png	[[0.0, 0.0], 28.755764879743406]
3557.png	[[-0.03785313665866852, -0.03783946856856346], 28.755765049579182]
3567.png	[[0.0, 0.0], 28.755764867441737]
3577.png	[[0.0, 0.0], 28.755777046632275]
3587.png	[[0.0, 0.0], 28.75576501310741]
3597.png	[[0.0, 0.0], 28.75577016649157]
3607.png	[[0.0, 0.0], 28.75577344610066]
3617.png	[[0.0, 0.0], 28.755761583072086]
3627.png	[[0.010805378668010235, 0.01080649346113205], 28.75576499951366]
3637.png	[[0.03783946856856346, 0.03785313665866852], 28.75576630422366]
3647.png	[[0.0, 0.0], 28.75575813439727]
3657.png	[[0.0, 0.0], 28.755758144709283]
3667.png	[[0.0, 0.0], 28.755763530343668]
3677.png	[[0.0, 0.0], 28.75577358587494]
3687.png	[[0.0, 0.0], 28.75575471194117]
3697.png	[[0.0, 0.0], 28.75576529720114]
3707.png	[[0.0, 0.0], 28.755777052609833]
3717.png	[[0.0, 0.0], 28.755756302438662]
3727.png	[[0.010805378668010235, 0.01080649346113205], 28.755740970990495]
3737.png	[[0.03783947229385376, 0.037853140383958817], 28.755743988699628]
3747.png	[[0.0, 0.0], 28.755773583776232]
3757.png	[[0.0, 0.0], 28.75577703002426]
3767.png	[[0.0, 0.0], 28.553727348173325]
3777.png	[[0.0, 0.0], 28.849846518046373]
3787.png	[[0.0378340519964695, 0.037847716361284256], 28.80967495955867]
3797.png	[[0.0, 0.0], 28.72697228203921]
3807.png	[[0.03784066438674927, 0.037854328751564026], 28.743493185222576]
3817.png	[[0.03783845528960228, 0.037852123379707336], 28.764545585982066]
3827.png	[[0.03783923387527466, 0.037852898240089417], 28.758354701182192]
3837.png	[[0.0, 0.0], 28.753237442658982]
3847.png	[[0.0, 0.0], 28.755279835213315]
3857.png	[[0.0, 0.0], 28.75646031041441]
3867.png	[[0.0, 0.0], 28.75584303841498]
3877.png	[[0.0, 0.0], 28.755602396370072]
3887.png	[[0.0, 0.0], 28.755761268334176]
3897.png	[[0.0, 0.0], 28.755805002872656]
3907.png	[[0.0, 0.0], 28.75576032250533]
3917.png	[[-0.01080649346113205, -0.010805378668010235], 28.755754477512642]
3927.png	[[0.01080537773668766, 0.010806492529809475], 28.75577505367723]
3937.png	[[0.0, 0.0], 28.66150603070462]
3947.png	[[0.0, 0.0], 28.025755104100952]
3957.png	[[-0.010844295844435692, -0.01084317360073328], 27.480079996797635]
3967.png	[[0.0, 0.0], 26.08306763574671]
3977.png	[[0.010913148522377014, 0.010914284735918045], 25.220396494391814]
3987.png	[[0.03832157701253891, 0.03833559527993202], 24.266405126967676]
3997.png	[[0.0, 0.0], 22.856485725892963]
4007.png	[[0.012299452908337116, 0.01230089645832777], 0.027593219577996746]
4017.png	[[0.0, 0.0], 0.03164582249723259]
4027.png	[[0.0, 0.0], 0.03199172880432232]
4037.png	[[0.0, 0.0], 0.032005542980908915]
4047.png	[[0.0, 0.0], 0.032008426266777]
4057.png	[[0.0, 0.0], 0.03200794681916363]
4067.png	[[0.061539676040410995, 0.06157582625746727], 0.032006501779719504]
4077.png	[[0.08700906485319138, 0.08708136528730392], 0.03200643472447565]
4087.png	[[0.11507134139537811, 0.11519782990217209], 0.03200619332497063]
4097.png	[[12.415009498596191, 14.050172805786133], 0.03201000541522253]
4107.png	[[12.415009498596191, 14.050172805786133], 0.0014980888116096955]
4117.png	[[12.415009498596191, 14.050172805786133], 8.682642803901421e-05]
4127.png	[[12.415009498596191, 14.050172805786133], 7.350758808916933e-06]
4137.png	[[12.415009498596191, 14.050172805786133], 6.557504491088016e-06]
4147.png	[[12.415009498596191, 14.050172805786133], 5.493339741286718e-06]
4157.png	[[12.415009498596191, 14.050172805786133], 1.8233663489155605e-06]
4167.png	[[12.415009498596191, 14.050172805786133], 1.51455866361473e-06]
4177.png	[[12.415009498596191, 14.050172805786133], 5.148860509232593e-07]
4187.png	[[12.415009498596191, 14.050172805786133], 1.4303763275194011e-06]
4197.png	[[12.415009498596191, 14.050172805786133], 8.9264726193982e-07]
4207.png	[[12.415009498596191, 14.050172805786133], 1.2017038564274561e-06]
4217.png	[[12.415009498596191, 14.050172805786133], 1.5794262690811794e-06]
4227.png	[[12.415009498596191, 14.050172805786133], 2.784766745904369e-06]
4237.png	[[12.415009498596191, 14.050172805786133], 2.9185123707059442e-06]
4247.png	[[12.415009498596191, 14.050172805786133], 7.553107851584366e-07]
4257.png	[[12.415009498596191, 14.050172805786133], 1.0986810514653327e-06]
4267.png	[[12.415009498596191, 14.050172805786133], 1.5107356041652131e-06]
4277.png	[[12.415009498596191, 14.050172805786133], 1.8541478423747423e-06]
4287.png	[[12.415009498596191, 14.050172805786133], 0.0]
4297.png	[[12.415009498596191, 14.050172805786133], 7.89697989488748e-07]
4307.png	[[12.415009498596191, 14.050172805786133], 1.2359918672268246e-06]
4317.png	[[12.415009498596191, 14.050172805786133], 1.373386887246944e-06]
4327.png	[[12.415009498596191, 14.050172805786133], 1.716804750071432e-06]
4337.png	[[12.415009498596191, 14.050172805786133], 1.5136154770394778e-06]
4347.png	[[12.415009498596191, 14.050172805786133], 8.255717075447744e-07]
4357.png	[[12.415009498596191, 14.050172805786133], 2.167527232229553e-06]
4367.png	[[12.415009498596191, 14.050172805786133], 1.3047045334765808e-06]
4377.png	[[12.415009498596191, 14.050172805786133], 1.6481119391969156e-06]
4387.png	[[12.415009498596191, 14.050172805786133], 1.9914393547552247e-06]
4397.png	[[12.415009498596191, 14.050172805786133], 4.470988029114503e-07]
4407.png	[[12.415009498596191, 14.050172805786133], 1.408035054039535e-06]
4417.png	[[12.415009498596191, 14.050172805786133], 1.3046965348760242e-06]
4427.png	[[12.415009498596191, 14.050172805786133], 1.7167424909823172e-06]
4437.png	[[12.415009498596191, 14.050172805786133], 2.990184034109547e-06]
4447.png	[[12.415009498596191, 14.050172805786133], 2.884198390809861e-06]
4457.png	[[12.415009498596191, 14.050172805786133], 7.553131863204971e-07]
4467.png	[[12.415009498596191, 14.050172805786133], 3.881032187772166e-06]
4477.png	[[12.415009498596191, 14.050172805786133], 1.5107137553975371e-06]
4487.png	[[12.415009498596191, 14.050172805786133], 1.991442229795663e-06]
4497.png	[[12.415009498596191, 14.050172805786133], 0.0]
4507.png	[[12.415009498596191, 14.050172805786133], 8.240052916090476e-07]
4517.png	[[12.330612182617188, 13.942644119262695], 0.7128029733448752]
4527.png	[[9.918357849121094, 10.94261360168457], 6.419177819450747]
4537.png	[[5.3406829833984375, 5.6265411376953125], 15.327469050466968]
4547.png	[[14.658771514892578, 16.973539352416992], 19.728407983913446]
4557.png	[[26.98505210876465, 35.20816421508789], 29.63464421168202]
4567.png	[[16.753726959228516, 19.816246032714844], 29.778209712529737]
4577.png	[[0.6776977777481079, 0.682108461856842], 28.530815159103657]
4587.png	[[-0.09139779210090637, -0.09131815284490585], 28.512984854183454]
4597.png	[[-0.04271475970745087, -0.04269735887646675], 28.832646749548328]
4607.png	[[-0.010804112069308758, -0.010802998207509518], 28.835556182634033]
4617.png	[[0.0, 0.0], 28.729618574334527]
4627.png	[[0.0, 0.0], 28.736197268415662]
4637.png	[[0.0, 0.0], 28.76456367746763]
4647.png	[[0.0, 0.0], 28.76032878344152]
4657.png	[[0.0, 0.0], 28.753103580164773]
4667.png	[[-0.03785322979092598, -0.03783956170082092], 28.75476352061581]
4677.png	[[0.0, 0.0], 28.756562051738126]
4687.png	[[0.0, 0.0], 28.75597880918232]
4697.png	[[0.0, 0.0], 28.75553834176811]
4707.png	[[0.0, 0.0], 28.755738503793765]
4717.png	[[0.0, 0.0], 28.157020161845608]
4727.png	[[0.0, 0.0], 29.425044331268676]
4737.png	[[0.0, 0.0], 28.712208685025622]
4747.png	[[0.0, 0.0], 28.550325201778282]
4757.png	[[0.0, 0.0], 28.789378484761944]
4767.png	[[0.0, 0.0], 28.808944974256608]
4777.png	[[0.0, 0.0], 28.743020113803723]
4787.png	[[0.0, 0.0], 28.74262946985606]
4797.png	[[0.0, 0.0], 28.65660928962261]
4807.png	[[0.010826180689036846, 0.01082729920744896], 28.00836361123428]
4817.png	[[0.0, 0.0], 27.448523713436572]
4827.png	[[0.0, 0.0], 26.04048976063298]
4837.png	[[0.0382198840379715, 0.03823382779955864], 25.191204637098853]
4847.png	[[0.0, 0.0], 24.237328473098756]
4857.png	[[-0.07463160157203674, -0.07457848638296127], 0.02687417082560194]
4867.png	[[0.043071258813142776, 0.043088968843221664], 0.03155502970454575]
4877.png	[[0.030778858810663223, 0.03078790381550789], 0.031985506814598066]
4887.png	[[-0.030787913128733635, -0.03077886812388897], 0.03200657251278075]
4897.png	[[0.0, 0.0], 0.03200715556905344]
4907.png	[[0.0, 0.0], 0.03200695104912312]
4917.png	[[0.0, 0.0], 0.03200571388083948]
4927.png	[[0.0, 0.0], 0.032005234435798086]
4937.png	[[-0.030787913128733635, -0.03077886812388897], 0.032005472481460316]
4947.png	[[0.0, 0.0], 0.03200591839864538]
4957.png	[[-0.030787913128733635, -0.03077886812388897], 0.032006126270324904]
4967.png	[[-0.030787913128733635, -0.03077886812388897], 0.0320062637331906]
4977.png	[[0.0, 0.0], 0.032005509361760824]
4987.png	[[0.0, 0.0], 0.03200925104580236]
4997.png	[[0.03077886812388897, 0.030787913128733635], 0.03200547248138371]
5007.png	[[0.0, 0.0], 0.032005060092409617]
5017.png	[[0.0, 0.0], 0.03200550936176993]
5027.png	[[0.0, 0.0], 0.032006401196223895]
5037.png	[[0.03077886812388897, 0.030787913128733635], 0.032006230205869984]
5047.png	[[0.0, 0.0], 0.032005301490586516]
5057.png	[[-0.030787913128733635, -0.03077886812388897], 0.03200568035326567]
5067.png	[[0.0, 0.0], 0.032006538659583424]
5077.png	[[-0.030787913128733635, -0.03077886812388897], 0.03200537189858723]
5087.png	[[0.0, 0.0], 0.03200568035259547]
5097.png	[[0.03077886812388897, 0.030787913128733635], 0.03200571388065813]
5107.png	[[0.0, 0.0], 0.032006022334795714]
5117.png	[[-0.030787913128733635, -0.03077886812388897], 0.03200942203475186]
5127.png	[[0.0, 0.0], 0.03200883865613026]
5137.png	[[0.0, 0.0], 0.03200674317841264]
5147.png	[[0.0, 0.0], 0.03200623020540969]
5157.png	[[0.0, 0.0], 0.032005301490577315]
5167.png	[[0.0, 0.0], 0.03200547248139395]
5177.png	[[0.03077886812388897, 0.030787913128733635], 0.03200942203695701]
5187.png	[[0.0, 0.0], 0.032005609944613184]
5197.png	[[0.0, 0.0], 0.03200523443532615]
5207.png	[[0.0, 0.0], 0.032005576417004786]
5217.png	[[-0.030787913128733635, -0.03077886812388897], 0.03200591839949763]
5227.png	[[0.0, 0.0], 0.03200585134396503]
5237.png	[[0.0, 0.0], 0.03200509697214432]
5247.png	[[0.0, 0.0], 0.03200663924240642]
5257.png	[[0.0, 0.0], 0.032009834423696266]
5267.png	[[0.0, 0.0], 0.032006468251571045]
5277.png	[[0.03077886812388897, 0.030787913128733635], 0.03200918063588247]
5287.png	[[0.0, 0.0], 0.03200914711023516]
5297.png	[[0.03077886812388897, 0.030787913128733635], 0.03200523443535871]
5307.png	[[0.0, 0.0], 0.032005542890066976]
5317.png	[[0.0, 0.0], 0.032005301490564526]
5327.png	[[0.0, 0.0], 0.0320094890919033]
5337.png	[[0.03077886812388897, 0.030787913128733635], 0.03201106824101335]
5347.png	[[0.0, 0.0], 0.032005609945437025]
5357.png	[[0.0, 0.0], 0.032005780936228224]
5367.png	[[0.0, 0.0], 0.03200543895382719]
5377.png	[[0.0, 0.0], 0.032005576416972104]
5387.png	[[0.0, 0.0], 0.032008734718683714]
5397.png	[[-0.030787913128733635, -0.03077886812388897], 0.03200547248143505]
5407.png	[[-5.211453914642334, -4.965194225311279], 0.032007909938709056]
5417.png	[[-5.211453914642334, -4.965194225311279], 0.0017744292040276337]
5427.png	[[-4.950988292694092, -4.728150367736816], 3.060269406179904]
5437.png	[[-3.389376401901245, -3.2833094596862793], 9.51986984733286]
5447.png	[[-1.1361814737319946, -1.1239973306655884], 19.143873972031255]
5457.png	[[-50.46683120727539, -36.08643341064453], 21.600688917791476]
5467.png	[[-20.35761833190918, -17.143779754638672], 30.692689357786996]
5477.png	[[14.553009986877441, 16.832935333251953], 27.948429592899906]
5487.png	[[12.041013717651367, 13.574999809265137], 28.353904738593595]
5497.png	[[2.7895631790161133, 2.8657824993133545], 29.170999456935785]
5507.png	[[0.8148629069328308, 0.8212480545043945], 29.042925319921498]
5517.png	[[10.068721771240234, 11.125509262084961], 10.104908272022218]
5527.png	[[4.333137035369873, 4.5196380615234375], 18.27754655762254]
5537.png	[[-3.2984707355499268, -3.1979265213012695], 23.991951806250604]
5547.png	[[-3.5894131660461426, -3.470691442489624], 28.789766985559186]
5557.png	[[-0.4059562385082245, -0.4043898284435272], 29.441622309144154]
5567.png	[[-0.02255970984697342, -0.022554853931069374], 28.815505511689295]
5577.png	[[0.05352732539176941, 0.053554680198431015], 28.612219511585412]
5587.png	[[0.0, 0.0], 28.757617540631724]
5597.png	[[0.0, 0.0], 28.794708209058136]
5607.png	[[0.0, 0.0], 28.75246924504385]
5617.png	[[0.0, 0.0], 28.74568844183113]
5627.png	[[0.0, 0.0], 28.757443803381108]
5637.png	[[0.0, 0.0], 28.758320981611718]
5647.png	[[0.0, 0.0], 28.75512826818549]
5657.png	[[0.0, 0.0], 28.755129713381155]
5667.png	[[0.0, 0.0], 28.755990001984166]
5677.png	[[0.0, 0.0], 28.755921196792908]
5687.png	[[0.0, 0.0], 28.75570657922964]
5697.png	[[-0.037853140383958817, -0.03783947229385376], 28.755715162116235]
5707.png	[[0.0, 0.0], 28.755787472174156]
5717.png	[[0.037841469049453735, 0.03785513713955879], 28.725517994096627]
5727.png	[[0.0, 0.0], 28.83909966432075]
5737.png	[[0.0, 0.0], 28.758290257474126]
5747.png	[[-0.03785557299852371, -0.037841904908418655], 28.733460965982204]
5757.png	[[0.0, 0.0], 28.756846410289953]
5767.png	[[-0.010806313715875149, -0.010805198922753334], 28.761611932666376]
5777.png	[[0.0, 0.0], 28.755042283154772]
5787.png	[[0.0, 0.0], 28.229190948898044]
5797.png	[[0.0, 0.0], 28.93973432042714]
5807.png	[[0.037825897336006165, 0.037839554250240326], 28.8881136235028]
5817.png	[[0.0, 0.0], 28.698962362144613]
5827.png	[[0.0, 0.0], 28.723650547076225]
5837.png	[[-0.03785095363855362, -0.03783728554844856], 28.774371294127622]
5847.png	[[0.0, 0.0], 28.762954325237896]
5857.png	[[0.0, 0.0], 28.750278658092896]
5867.png	[[-0.03785327076911926, -0.037839602679014206], 28.75428007488704]
5877.png	[[0.0, 0.0], 28.757351109980014]
5887.png	[[0.0, 0.0], 28.75605526912874]
5897.png	[[0.0, 0.0], 28.75532205837368]
5907.png	[[-0.037853140383958817, -0.03783947229385376], 28.755725469991923]
5917.png	[[0.0, 0.0], 28.755886826650695]
5927.png	[[0.0, 0.0], 28.75577181056908]
5937.png	[[0.0, 0.0], 28.755730614207547]
5947.png	[[0.0, 0.0], 28.755761697468017]
5957.png	[[0.0, 0.0], 28.755771996372896]
5967.png	[[0.0, 0.0], 28.755754558775266]
5977.png	[[0.0, 0.0], 28.755758052095285]
5987.png	[[0.0, 0.0], 28.75576853281766]
5997.png	[[0.0, 0.0], 28.75575807698695]
6007.png	[[0.01080537773668766, 0.010806492529809475], 28.755749405100797]
6017.png	[[0.010805378668010235, 0.01080649346113205], 28.755763181136608]
6027.png	[[0.0, 0.0], 28.755770062955555]
6037.png	[[0.0, 0.0], 28.75575464507452]
6047.png	[[0.0, 0.0], 28.7557582624971]
6057.png	[[-0.01080649346113205, -0.010805378668010235], 28.755761536120744]
6067.png	[[-0.03785313665866852, -0.03783946856856346], 28.755761466366213]
6077.png	[[0.0, 0.0], 28.755754863717286]
6087.png	[[0.0, 0.0], 28.755773452280387]
6097.png	[[0.0, 0.0], 28.755770095307167]
6107.png	[[0.0, 0.0], 28.760042971171284]
6117.png	[[0.03783920407295227, 0.03785287216305733], 28.75838745791151]
6127.png	[[0.0, 0.0], 28.7544191340225]
6137.png	[[0.010805395431816578, 0.010806510224938393], 28.755169259127754]
6147.png	[[0.0, 0.0], 28.756163107285175]
6157.png	[[0.0, 0.0], 28.755902456644723]
6167.png	[[0.0, 0.0], 28.755663665607457]
6177.png	[[0.0, 0.0], 28.755737452075824]
6187.png	[[0.0, 0.0], 28.75579599548317]
6197.png	[[0.0, 0.0], 28.755771809767953]
6207.png	[[0.01080537773668766, 0.010806492529809475], 28.755747687134935]
6217.png	[[0.010805378668010235, 0.01080649346113205], 28.755754599298346]
6227.png	[[0.0, 0.0], 28.75577006185996]
6237.png	[[0.0, 0.0], 28.755771810804564]
6247.png	[[0.0, 0.0], 28.755756544147193]
6257.png	[[-0.01080649346113205, -0.010805378668010235], 28.755763254109507]
6267.png	[[-0.037853140383958817, -0.03783947229385376], 28.755754599131205]
6277.png	[[0.0, 0.0], 28.755763446523485]
6287.png	[[0.0, 0.0], 28.755763152660514]
6297.png	[[0.0, 0.0], 28.75575636357114]
6307.png	[[0.01080537773668766, 0.010806492529809475], 28.755747685396816]
6317.png	[[0.010805378668010235, 0.01080649346113205], 28.755773481134018]
6327.png	[[0.0, 0.0], 28.755771778371603]
6337.png	[[0.0, 0.0], 28.755764943581543]
6347.png	[[0.0, 0.0], 28.75575826204412]
6357.png	[[-0.01080649346113205, -0.010805378668010235], 28.755761536804318]
6367.png	[[-0.03785313665866852, -0.03783946856856346], 28.75576318184096]
6377.png	[[0.0, 0.0], 28.755754863650694]
6387.png	[[0.0, 0.0], 28.755768301607265]
6397.png	[[0.0, 0.0], 28.755754646995964]
6407.png	[[0.01080537773668766, 0.010806492529809475], 28.75575283594414]
6417.png	[[0.010805378668010235, 0.01080649346113205], 28.755758032105295]
6427.png	[[0.0, 0.0], 28.755758046307296]
6437.png	[[0.0, 0.0], 28.75576494468874]
6447.png	[[0.0, 0.0], 28.755758262078654]
6457.png	[[-0.01080649346113205, -0.010805378668010235], 28.755752952555415]
6467.png	[[-0.03785313665866852, -0.03783946856856346], 28.755758033583955]
6477.png	[[0.0, 0.0], 28.75576173193531]
6487.png	[[0.0, 0.0], 28.777541822034646]
6497.png	[[0.0, 0.0], 28.738882061437877]
6507.png	[[0.0, 0.0], 28.7511817447018]
6517.png	[[0.0, 0.0], 28.760592252710314]
6527.png	[[0.0, 0.0], 28.75662153038032]
6537.png	[[0.010805420577526093, 0.010806535370647907], 28.754424261405784]
6547.png	[[0.0, 0.0], 28.755644689608637]
6557.png	[[0.0, 0.0], 28.75613916956564]
6567.png	[[0.0, 0.0], 28.755770064322892]
6577.png	[[0.010805382393300533, 0.010806497186422348], 28.755658498234126]
6587.png	[[0.0, 0.0], 28.755771789829247]
6597.png	[[0.0, 0.0], 28.75578573565548]
6607.png	[[0.0, 0.0], 28.618259094787952]
6617.png	[[0.0, 0.0], 28.8357658871728]
6627.png	[[0.0, 0.0], 28.787261365821866]
6637.png	[[0.0, 0.0], 28.732254210720907]
6647.png	[[0.0, 0.0], 28.749264352991315]
6657.png	[[0.0, 0.0], 28.762528397364]
6667.png	[[0.0, 0.0], 28.756987174737137]
6677.png	[[0.0, 0.0], 28.75387322185283]
6687.png	[[0.0, 0.0], 28.755591562717843]
6697.png	[[0.0, 0.0], 28.756292118806734]
6707.png	[[0.0, 0.0], 28.75577352491285]
6717.png	[[0.0, 0.0], 28.755627597044754]
6727.png	[[0.0, 0.0], 28.755776960608518]
6737.png	[[0.0, 0.0], 28.755802932288034]
6747.png	[[0.0, 0.0], 28.755752942747453]
6757.png	[[0.0, 0.0], 28.7557460381645]
6767.png	[[-0.04865963011980057, -0.04863704368472099], 28.755756358729553]
6777.png	[[0.0, 0.0], 28.75578041089797]
6787.png	[[0.0, 0.0], 28.75577371821304]
6797.png	[[0.0, 0.0], 28.755763222661695]
6807.png	[[0.0, 0.0], 28.7557546429161]
6817.png	[[0.0, 0.0], 28.755756357998663]
6827.png	[[0.0, 0.0], 28.755758260805433]
6837.png	[[0.0, 0.0], 28.75576829158321]
6847.png	[[0.0, 0.0], 28.687122923929927]
6857.png	[[0.0, 0.0], 28.07600872435356]
6867.png	[[0.0, 0.0], 27.548740533637556]
6877.png	[[0.0, 0.0], 26.19206375863854]
6887.png	[[0.0, 0.0], 25.291427175730128]
6897.png	[[0.0, 0.0], 24.334796635950163]
6907.png	[[0.0, 0.0], 22.458676423564114]
6917.png	[[-0.0123009467497468, -0.01229950226843357], 0.028013792941455416]
6927.png	[[0.0, 0.0], 0.03170983475342458]
6937.png	[[0.0, 0.0], 0.03199333241730407]
6947.png	[[0.0, 0.0], 0.032008426316168764]
6957.png	[[0.0, 0.0], 0.03200753443181981]
6967.png	[[0.0, 0.0], 0.03200928457114599]
6977.png	[[-1.7059097290039062, -1.6785938739776611], 0.03200900964566678]
6987.png	[[-2.100407361984253, -2.0591557025909424], 0.03200688064143545]
6997.png	[[-2.100407361984253, -2.0591557025909424], 0.0017078589910944312]
7007.png	[[-2.100407361984253, -2.0591557025909424], 9.31435808230161e-05]
7017.png	[[-2.100407361984253, -2.0591557025909424], 4.60056173683841e-06]
7027.png	[[-2.100407361984253, -2.0591557025909424], 1.270392331696884e-06]
7037.png	[[-2.100407361984253, -2.0591557025909424], 6.560170060577097e-06]
7047.png	[[-2.100407361984253, -2.0591557025909424], 3.04586918055465e-06]
7057.png	[[-2.100407361984253, -2.0591557025909424], 4.270338096505454e-06]
7067.png	[[-2.100407361984253, -2.0591557025909424], 3.265887010443452e-06]
7077.png	[[-2.100407361984253, -2.0591557025909424], 1.7177002284261955e-06]
7087.png	[[-2.100407361984253, -2.0591557025909424], 2.6795567035458622e-06]
7097.png	[[-2.100407361984253, -2.0591557025909424], 2.096098544899775e-06]
7107.png	[[-2.100407361984253, -2.0591557025909424], 4.2572242006923175e-06]
7117.png	[[-2.100407361984253, -2.0591557025909424], 6.939558444295868e-08]
7127.png	[[-2.100407361984253, -2.0591557025909424], 2.711987676432844e-06]
7137.png	[[-2.100407361984253, -2.0591557025909424], 2.4751029843359464e-06]
7147.png	[[-2.100407361984253, -2.0591557025909424], 2.9535394840799424e-06]
7157.png	[[-2.100407361984253, -2.0591557025909424], 3.572838505257476e-06]
7167.png	[[-2.100407361984253, -2.0591557025909424], 4.429839936138679e-06]
7177.png	[[-2.100407361984253, -2.0591557025909424], 1.4767003304268586e-06]
7187.png	[[-2.100407361984253, -2.0591557025909424], 1.2018123119899576e-06]
7197.png	[[-2.100407361984253, -2.0591557025909424], 3.368592974492257e-06]
7207.png	[[-2.100407361984253, -2.0591557025909424], 3.1457845469422776e-06]
7217.png	[[-2.100407361984253, -2.0591557025909424], 2.540673089015787e-06]
7227.png	[[-2.100407361984253, -2.0591557025909424], 5.495457444633681e-06]
7237.png	[[-2.100407361984253, -2.0591557025909424], 1.959743098154256e-06]
7247.png	[[-2.100407361984253, -2.0591557025909424], 2.579640331392293e-06]
7257.png	[[-2.100407361984253, -2.0591557025909424], 2.3348221069473644e-06]
7267.png	[[-2.100407361984253, -2.0591557025909424], 4.1887640832575224e-06]
7277.png	[[-2.100407361984253, -2.0591557025909424], 5.767823773957016e-06]
7287.png	[[-2.100407361984253, -2.0591557025909424], 6.454571491867069e-06]
7297.png	[[-2.100407361984253, -2.0591557025909424], 2.1973504599324985e-06]
7307.png	[[-2.100407361984253, -2.0591557025909424], 3.399055469848445e-06]
7317.png	[[-2.100407361984253, -2.0591557025909424], 3.744651210410378e-06]
7327.png	[[-2.100407361984253, -2.0591557025909424], 2.825478537461564e-06]
7337.png	[[-2.100407361984253, -2.0591557025909424], 1.5106395622376827e-06]
7347.png	[[-2.100407361984253, -2.0591557025909424], 2.403995779123527e-06]
7357.png	[[-2.100407361984253, -2.0591557025909424], 3.021361535449517e-06]
7367.png	[[-2.100407361984253, -2.0591557025909424], 2.6787958166152383e-06]
7377.png	[[-2.100407361984253, -2.0591557025909424], 3.2617476906948165e-06]
7387.png	[[-2.100407361984253, -2.0591557025909424], 1.5112210952535803e-06]
7397.png	[[-2.100407361984253, -2.0591557025909424], 2.0263120242887675e-06]
7407.png	[[-2.100407361984253, -2.0591557025909424], 2.6132100467487797e-06]
7417.png	[[-2.100407361984253, -2.0591557025909424], 3.9868119921946405e-06]
7427.png	[[-2.100407361984253, -2.0591557025909424], 4.464003128354747e-06]
7437.png	[[-2.100407361984253, -2.0591557025909424], 6.3173974504990105e-06]
7447.png	[[-2.100407361984253, -2.0591557025909424], 1.992447670545314e-06]
7457.png	[[-2.100407361984253, -2.0591557025909424], 1.8884319158806079e-06]
7467.png	[[-2.100407361984253, -2.0591557025909424], 4.065977659143031e-06]
7477.png	[[-2.100407361984253, -2.0591557025909424], 3.993876287075564e-06]
7487.png	[[-2.100407361984253, -2.0591557025909424], 2.1671562768120924e-06]
7497.png	[[-2.100407361984253, -2.0591557025909424], 1.7518071873193285e-06]
7507.png	[[-2.100407361984253, -2.0591557025909424], 1.4791463217490073e-06]
7517.png	[[-2.100407361984253, -2.0591557025909424], 3.4333657846712008e-06]
7527.png	[[-2.100407361984253, -2.0591557025909424], 3.8816552692388e-06]
7537.png	[[-2.0856974124908447, -2.045015811920166], 0.6088817650805722]
7547.png	[[-1.6530945301055908, -1.6274309158325195], 6.391355560563649]
7557.png	[[0.12147574871778488, 0.12161671370267868], 6.079153899853373]
7567.png	[[0.0, 0.0], 14.595663694567946]
7577.png	[[0.0, 0.0], 19.99558388049117]
7587.png	[[0.0, 0.0], 30.288263980168033]
7597.png	[[0.0, 0.0], 28.58320868631779]
7607.png	[[0.010817812755703926, 0.01081892941147089], 28.3451170509646]
7617.png	[[0.0, 0.0], 28.83669555313753]
7627.png	[[0.0, 0.0], 28.86119867992226]
7637.png	[[0.0, 0.0], 28.7272221603483]
7647.png	[[0.0, 0.0], 28.729266644249563]
7657.png	[[0.0, 0.0], 28.76602104763677]
7667.png	[[0.0, 0.0], 28.76205395728579]
7677.png	[[0.0, 0.0], 28.752550787030476]
7687.png	[[0.0, 0.0], 28.754327481305136]
7697.png	[[0.0, 0.0], 28.75673073955905]
7707.png	[[0.0, 0.0], 28.756088720666124]
7717.png	[[0.0, 0.0], 28.755496492576984]
7727.png	[[0.0, 0.0], 28.755700773870334]
7737.png	[[0.0, 0.0], 28.755844961504867]
7747.png	[[0.0, 0.0], 28.75579861648065]
7757.png	[[0.0, 0.0], 28.75574883418695]
7767.png	[[0.0, 0.0], 28.75575055091359]
7777.png	[[0.0, 0.0], 28.755759132117714]
7787.png	[[0.0, 0.0], 28.75575913363895]
7797.png	[[0.0, 0.0], 28.75575913519771]
7807.png	[[0.0, 0.0], 28.75575913449858]
7817.png	[[0.0, 0.0], 28.75575570155665]
7827.png	[[0.0, 0.0], 28.755764284231432]
7837.png	[[0.0, 0.0], 28.739087382832956]
7847.png	[[0.0, 0.0], 28.794513393964213]
7857.png	[[0.0, 0.0], 28.757376181714765]
7867.png	[[0.0, 0.0], 28.7453513080883]
7877.png	[[0.0, 0.0], 28.756152242273032]
7887.png	[[0.0, 0.0], 28.758512582008056]
7897.png	[[0.0, 0.0], 28.75544327438818]
7907.png	[[0.0, 0.0], 28.75505017426395]
7917.png	[[0.0, 0.0], 28.75591534668249]
7927.png	[[0.0, 0.0], 28.755947963601027]
7937.png	[[0.0, 0.0], 28.755716219487265]
7947.png	[[0.0, 0.0], 28.755716219500812]
7957.png	[[0.0, 0.0], 28.755771149874217]
7967.png	[[0.0, 0.0], 28.75577286703768]
7977.png	[[0.0, 0.0], 28.755759133925523]
7987.png	[[0.0, 0.0], 28.75575913412363]
7997.png	[[0.0, 0.0], 28.755760850812536]
8007.png	[[0.0, 0.0], 28.755755701576412]
8017.png	[[0.0, 0.0], 28.755755702360577]
8027.png	[[0.0, 0.0], 28.75576085112051]
8037.png	[[0.0, 0.0], 28.755759134913145]
8047.png	[[0.0, 0.0], 28.755764284099858]
8057.png	[[0.0, 0.0], 28.75576085182472]
8067.png	[[0.0, 0.0], 28.755766000759873]
8077.png	[[0.0, 0.0], 28.75575741844869]
8087.png	[[0.0, 0.0], 28.755759134286027]
8097.png	[[0.0, 0.0], 28.755766000780007]
8107.png	[[0.0, 0.0], 28.7557642842916]
8117.png	[[0.0, 0.0], 28.75575913418171]
8127.png	[[0.0, 0.0], 28.75577115041869]
8137.png	[[0.0, 0.0], 28.7557608509527]
8147.png	[[0.0, 0.0], 28.755755700631596]
8157.png	[[0.0, 0.0], 28.75575741820306]
8167.png	[[0.0, 0.0], 28.75576085016021]
8177.png	[[0.0, 0.0], 28.755752267513863]
8187.png	[[0.0, 0.0], 28.755752267696494]
8197.png	[[0.0, 0.0], 28.755757418098042]
8207.png	[[0.0, 0.0], 28.75575913473711]
8217.png	[[0.0, 0.0], 28.755755700539993]
8227.png	[[0.0, 0.0], 28.75576085014412]
8237.png	[[0.0, 0.0], 28.75576085085916]
8247.png	[[0.0, 0.0], 28.755752269254085]
8257.png	[[0.0, 0.0], 28.75575570059874]
8267.png	[[0.0, 0.0], 28.75576085017158]
8277.png	[[0.0, 0.0], 28.755764284921046]
8287.png	[[0.0, 0.0], 28.75576428429415]
8297.png	[[0.0, 0.0], 28.75575226763796]
8307.png	[[0.0, 0.0], 28.75575913385987]
8317.png	[[0.0, 0.0], 28.755764283290674]
8327.png	[[0.0, 0.0], 28.755760851522496]
8337.png	[[0.0, 0.0], 28.755759134603444]
8347.png	[[0.0, 0.0], 28.755752267995337]
8357.png	[[0.0, 0.0], 28.755755700800073]
8367.png	[[0.0, 0.0], 28.755752267133825]
8377.png	[[0.0, 0.0], 28.755757417056323]
8387.png	[[0.0, 0.0], 28.75575226829441]
8397.png	[[0.0, 0.0], 28.755759134418046]
8407.png	[[0.0, 0.0], 28.755764284508047]
8417.png	[[0.0, 0.0], 28.755757417143062]
8427.png	[[0.0, 0.0], 28.755755700346317]
8437.png	[[0.0, 0.0], 28.755755700894685]
8447.png	[[0.0, 0.0], 28.755766000444474]
8457.png	[[0.0, 0.0], 28.75575913572538]
8467.png	[[0.0, 0.0], 28.755765999798527]
8477.png	[[0.0, 0.0], 28.75575741704547]
8487.png	[[0.0, 0.0], 28.755764283426732]
8497.png	[[0.0, 0.0], 28.773229105101795]
8507.png	[[0.0, 0.0], 29.02041452602336]
8517.png	[[-0.03793611750006676, -0.037922389805316925], 27.994622210585035]
8527.png	[[0.0, 0.0], 32.31165507087177]
8537.png	[[0.0, 0.0], 22.71994029079649]
8547.png	[[0.21562598645687103, 0.21607054769992828], 21.583449883374268]
8557.png	[[-0.6489778757095337, -0.6449839472770691], 34.50160113939868]
8567.png	[[0.2918749749660492, 0.29269012808799744], 26.644740967163127]
8577.png	[[-0.5755292177200317, -0.5723859667778015], 22.446160881423317]
8587.png	[[0.6209933757781982, 0.62469482421875], 33.71909028587268]
8597.png	[[-0.2951708137989044, -0.2943418025970459], 27.152821839409956]
8607.png	[[0.047683581709861755, 0.04770528897643089], 22.460118790874528]
8617.png	[[-0.019049985334277153, -0.019046522676944733], 30.22311462976166]
8627.png	[[0.0, 0.0], 29.018637422488236]
8637.png	[[0.0, 0.0], 28.3167147224654]
8647.png	[[0.0, 0.0], 28.715157784234265]
8657.png	[[0.0, 0.0], 28.878855757198494]
8667.png	[[0.0, 0.0], 28.758998386808603]
8677.png	[[0.0, 0.0], 28.72257012978953]
8687.png	[[0.0, 0.0], 28.75774353842848]
8697.png	[[0.0, 0.0], 28.764470947176186]
8707.png	[[0.0, 0.0], 28.75457295327822]
8717.png	[[0.0, 0.0], 28.753544704069725]
8727.png	[[0.0, 0.0], 28.75624665226633]
8737.png	[[0.0, 0.0], 28.75630845212211]
8747.png	[[0.0, 0.0], 28.75559605524561]
8757.png	[[0.0, 0.0], 28.755638967737735]
8767.png	[[0.0, 0.0], 28.755826082539066]
8777.png	[[0.0, 0.0], 28.75580376543439]
8787.png	[[0.0, 0.0], 28.755757418210166]
8797.png	[[0.0, 0.0], 28.75575226724032]
8807.png	[[0.0, 0.0], 28.755759133547347]
8817.png	[[0.0, 0.0], 28.755757416949066]
8827.png	[[0.0, 0.0], 28.75576600077971]
8837.png	[[0.0, 0.0], 28.755757418140703]
8847.png	[[0.0, 0.0], 28.755764284512903]
8857.png	[[0.0, 0.0], 28.75575226755016]
8867.png	[[0.0, 0.0], 28.75576428404036]
8877.png	[[0.0, 0.0], 28.755760850761718]
8887.png	[[0.0, 0.0], 28.393430154737704]
8897.png	[[0.0, 0.0], 27.81707215363663]
8907.png	[[0.0, 0.0], 26.97274227822176]
8917.png	[[0.0, 0.0], 25.61736894257023]
8927.png	[[0.012299812398850918, 0.012301256880164146], 0.02686537405559293]
8937.png	[[0.0, 0.0], 0.03152394264848662]
8947.png	[[0.0, 0.0], 0.03198539775168269]
8957.png	[[0.0, 0.0], 0.0320051644542798]
8967.png	[[0.0, 0.0], 0.03200866766472252]
8977.png	[[0.0, 0.0], 0.032006743179021566]
8987.png	[[0.0, 0.0], 0.03200595527987146]
8997.png	[[0.0, 0.0], 0.032010246815892276]
9007.png	[[0.0, 0.0], 0.03201093077785724]
9017.png	[[-0.9221009016036987, -0.9140589833259583], 0.03200591839866881]
9027.png	[[-1.1507512331008911, -1.1382544040679932], 0.032005884871961085]
9037.png	[[-1.526739239692688, -1.5048218965530396], 0.03200588487096767]
9047.png	[[-7.439207077026367, -6.948549270629883], 0.0320061933295314]
9057.png	[[-7.439207077026367, -6.948549270629883], 0.0017913893596937381]
9067.png	[[-7.439207077026367, -6.948549270629883], 2.30712892309176e-05]
9077.png	[[-7.439207077026367, -6.948549270629883], 7.693063335247839e-06]
9087.png	[[-7.439207077026367, -6.948549270629883], 2.5850519688863313e-06]
9097.png	[[-7.439207077026367, -6.948549270629883], 1.1713458306104333e-06]
9107.png	[[-7.439207077026367, -6.948549270629883], 6.323283858612292e-06]
9117.png	[[-7.439207077026367, -6.948549270629883], 3.1304331550800927e-06]
9127.png	[[-7.439207077026367, -6.948549270629883], 7.899285411304607e-07]
9137.png	[[-7.439207077026367, -6.948549270629883], 8.591198163120863e-07]
9147.png	[[-7.439207077026367, -6.948549270629883], 1.0650820606756404e-06]
9157.png	[[-7.439207077026367, -6.948549270629883], 1.7580683885675634e-06]
9167.png	[[-7.439207077026367, -6.948549270629883], 6.43008631656958e-06]
9177.png	[[-7.439207077026367, -6.948549270629883], 2.0652936538883895e-07]
9187.png	[[-7.439207077026367, -6.948549270629883], 3.881456202876452e-06]
9197.png	[[-7.439207077026367, -6.948549270629883], 5.1309094722252006e-06]
9207.png	[[-7.439207077026367, -6.948549270629883], 1.3059096008490865e-06]
9217.png	[[-7.439207077026367, -6.948549270629883], 1.5480640126026345e-06]
9227.png	[[-7.439207077026367, -6.948549270629883], 5.63053287091953e-06]
9237.png	[[-7.439207077026367, -6.948549270629883], 8.253137027348967e-07]
9247.png	[[-7.439207077026367, -6.948549270629883], 6.626551415851825e-06]
9257.png	[[-7.439207077026367, -6.948549270629883], 5.843323960868522e-06]
9267.png	[[-7.439207077026367, -6.948549270629883], 1.4729679065701402e-06]
9277.png	[[-7.439207077026367, -6.948549270629883], 6.732769955771221e-09]
9287.png	[[-7.439207077026367, -6.948549270629883], 9.962571977672945e-07]
9297.png	[[-7.439207077026367, -6.948549270629883], 1.6142854462681138e-06]
9307.png	[[-7.439207077026367, -6.948549270629883], 2.8272144976398108e-06]
9317.png	[[-7.439207077026367, -6.948549270629883], 1.666796229140121e-06]
9327.png	[[-7.439207077026367, -6.948549270629883], 1.7199625972997158e-06]
9337.png	[[-7.439207077026367, -6.948549270629883], 8.615361451899451e-07]
9347.png	[[-7.423110008239746, -6.934493064880371], 0.27508168321875454]
9357.png	[[-6.264695167541504, -5.9125823974609375], 5.312151371857449]
9367.png	[[-3.6436731815338135, -3.5214004516601562], 13.5170533913289]
9377.png	[[-13.898226737976074, -12.295710563659668], 19.252900202588094]
9387.png	[[-15.556631088256836, -13.58321762084961], 29.996373497952902]
9397.png	[[-18.598838806152344, -15.866409301757812], 28.444978790582127]
9407.png	[[-17.214717864990234, -14.83969497680664], 28.52805790798592]
9417.png	[[-2.8249051570892334, -2.7508151531219482], 28.727401922704672]
9427.png	[[-0.7038685083389282, -0.6991729140281677], 28.978507562286698]
9437.png	[[1.5727035999298096, 1.5966579914093018], 2.862961878750882]
9447.png	[[0.12430763244628906, 0.12445525825023651], 3.0610922981492896]
9457.png	[[0.0, 0.0], 9.30084808467995]
9467.png	[[0.0, 0.0], 18.93742721848713]
9477.png	[[-3.878459930419922, -3.740243911743164], 24.96948119450228]
9487.png	[[0.7878637313842773, 0.7938311696052551], 28.483617356199087]
9497.png	[[-19.539804458618164, -16.553491592407227], 29.801729993517]
9507.png	[[-1.6669731140136719, -1.6408802270889282], 28.175340469420753]
9517.png	[[-49.65857696533203, -35.614845275878906], 27.01704987914883]
9527.png	[[-9.355133056640625, -8.594200134277344], 28.842377771039093]
9537.png	[[6.408505916595459, 6.823938369750977], 29.552472080939246]
9547.png	[[5.491421222686768, 5.79404354095459], 28.842407819804748]
9557.png	[[1.1012439727783203, 1.112937331199646], 28.688845136209117]
9567.png	[[13.862421989440918, 15.921682357788086], 8.709369971337338]
9577.png	[[-5.1115336418151855, -4.874390125274658], 17.739508420355907]
9587.png	[[-1.3764811754226685, -1.3586397171020508], 22.709951713525147]
9597.png	[[0.08474289625883102, 0.08481147140264511], 29.152444504169846]
9607.png	[[-0.015248586423695087, -0.015246367081999779], 29.41134412658315]
9617.png	[[0.0, 0.0], 28.65199619429939]
9627.png	[[0.0, 0.0], 28.57580551978937]
9637.png	[[-0.03784707933664322, -0.03783341497182846], 28.80344213809822]
9647.png	[[0.0, 0.0], 28.800592589888417]
9657.png	[[0.0, 0.0], 28.739872550644474]
9667.png	[[0.010805685073137283, 0.010806799866259098], 28.745114985891398]
9677.png	[[0.010805207304656506, 0.010806321166455746], 28.7608271747029]
9687.png	[[0.0, 0.0], 28.75822140653901]
9697.png	[[0.037839651107788086, 0.037853315472602844], 28.754226368948828]
9707.png	[[0.0, 0.0], 28.755234514175466]
9717.png	[[0.0, 0.0], 28.75621804524362]
9727.png	[[0.0, 0.0], 28.755868105762346]
9737.png	[[0.0, 0.0], 28.75562780679941]
9747.png	[[0.0, 0.0], 28.755749681013913]
9757.png	[[0.0, 0.0], 28.755794129783716]
9767.png	[[0.0, 0.0], 28.755764927368197]
9777.png	[[0.010805378668010235, 0.01080649346113205], 28.75574775628677]
9787.png	[[-0.03785313665866852, -0.03783946856856346], 28.755763248569632]
9797.png	[[0.0, 0.0], 28.755761421014746]
9807.png	[[0.0, 0.0], 28.755758281498363]
9817.png	[[0.0, 0.0], 28.75577688038844]
9827.png	[[0.0, 0.0], 28.755768545575695]
9837.png	[[0.0, 0.0], 28.755753116641426]
9847.png	[[0.0, 0.0], 28.75576828842859]
9857.png	[[0.0, 0.0], 28.75577180820362]
9867.png	[[0.0, 0.0], 28.650633107773118]
9877.png	[[0.0, 0.0], 28.45936080389406]
9887.png	[[0.03769776225090027, 0.03771132603287697], 30.07558555867585]
9897.png	[[0.0, 0.0], 25.448171550268153]
9907.png	[[0.0, 0.0], 29.498917723108566]
9917.png	[[0.0, 0.0], 27.980786521027817]
9927.png	[[0.0, 0.0], 28.75116292078349]
9937.png	[[0.0, 0.0], 28.964632121493914]
9947.png	[[0.0, 0.0], 28.746582804663774]
9957.png	[[0.0, 0.0], 28.6995666902242]
9967.png	[[0.0, 0.0], 28.76375773299796]
9977.png	[[0.03783794865012169, 0.037851616740226746], 28.770094820004743]
9987.png	[[0.0, 0.0], 28.752570346237096]
9997.png	[[0.0, 0.0], 28.752213453064886]
