8.png	[[0.0, 0.0], 2.416595005989101]
18.png	[[0.0, 0.0], 0.14918482751176282]
28.png	[[-0.041327208280563354, -0.04131091758608818], 8.28557950437604]
38.png	[[0.0, 0.0], 17.919692089636307]
48.png	[[0.0, 0.0], 23.124917607306973]
58.png	[[0.0, 0.0], 28.896397411661727]
68.png	[[0.0, 0.0], 29.444121667938234]
78.png	[[0.0, 0.0], 28.69843856033652]
88.png	[[0.0, 0.0], 28.55818781835833]
98.png	[[0.0, 0.0], 28.792384738349586]
108.png	[[0.0, 0.0], 28.80649558760848]
118.png	[[0.15584741532802582, 0.15607953071594238], 28.742366782747528]
128.png	[[0.0, 0.0], 28.743295986759406]
138.png	[[0.05350431054830551, 0.05353164300322533], 28.76028293658439]
148.png	[[0.022565407678484917, 0.02257026918232441], 28.758775424347263]
158.png	[[0.27553224563598633, 0.27625855803489685], 28.75488785558979]
168.png	[[0.35788992047309875, 0.35911625623703003], 28.75711425498169]
178.png	[[2.6952407360076904, 2.766331195831299], 28.740095479997795]
188.png	[[0.2708282768726349, 0.27153000235557556], 28.895815159260508]
198.png	[[0.9277471303939819, 0.9360326528549194], 28.807092048062657]
208.png	[[0.9413174986839294, 0.9498484134674072], 28.738134276985797]
218.png	[[0.8714264631271362, 0.8787326216697693], 28.777718013145854]
228.png	[[0.800044059753418, 0.8061981797218323], 28.775909211023986]
238.png	[[0.745042622089386, 0.7503769397735596], 28.760989831104656]
248.png	[[1.0405665636062622, 1.0510008335113525], 28.765042369329795]
258.png	[[6.9473876953125, 7.4378767013549805], 28.718375172395643]
268.png	[[6.8456830978393555, 7.321504592895508], 28.8942532863143]
278.png	[[7.428763389587402, 7.991859436035156], 28.938090429105564]
288.png	[[5.776376247406006, 6.11205530166626], 28.974100935178868]
298.png	[[-2.29350209236145, -2.2444095611572266], 28.942698055139775]
308.png	[[-5.805912017822266, -5.502084255218506], 28.944353574624724]
318.png	[[-9.197247505187988, -8.460594177246094], 28.94099969092962]
328.png	[[-9.407865524291992, -8.63874626159668], 28.902003728216307]
338.png	[[-3.8818557262420654, -3.7434020042419434], 29.026504758735836]
348.png	[[-12.432374000549316, -11.130425453186035], 28.925103174277613]
358.png	[[-7.643555164337158, -7.126644134521484], 28.95659053893216]
368.png	[[-9.273289680480957, -8.52498722076416], 28.93829510743398]
378.png	[[-6.356325149536133, -5.994172096252441], 28.91887039912395]
388.png	[[-6.355870723724365, -5.993766784667969], 28.98229514170267]
398.png	[[-7.90588903427124, -7.354358673095703], 28.97823395779504]
408.png	[[-12.031272888183594, -10.80690860748291], 28.915111214881225]
418.png	[[-7.910844326019287, -7.3586506843566895], 28.892848523281355]
428.png	[[-7.002297401428223, -6.565652370452881], 28.998287871722006]
438.png	[[-8.493043899536133, -7.860344409942627], 28.950378601619793]
448.png	[[-14.367344856262207, -12.663151741027832], 28.843813768995002]
458.png	[[-11.061627388000488, -10.016253471374512], 28.90807429275138]
468.png	[[-7.388619899749756, -6.90436315536499], 28.974422355336742]
478.png	[[-13.296899795532227, -11.820866584777832], 28.926155676721788]
488.png	[[-6.180038928985596, -5.837086200714111], 29.049732836583196]
498.png	[[-4.163748264312744, -4.004901885986328], 29.08346789925012]
508.png	[[-9.725272178649902, -8.906046867370605], 28.95323126079318]
518.png	[[-7.14367151260376, -6.68986701965332], 28.92152001333004]
528.png	[[-7.887908458709717, -7.338784217834473], 28.96058360598563]
538.png	[[0.29723790287971497, 0.2980833053588867], 28.938697867630523]
548.png	[[6.753537654876709, 7.216273784637451], 19.446365514113594]
558.png	[[9.063239097595215, 9.912711143493652], 27.19156698966553]
568.png	[[4.529759407043457, 4.733928203582764], 28.264165023596174]
578.png	[[0.4095364212989807, 0.4111430048942566], 29.065608463517446]
588.png	[[0.3558746874332428, 0.35708728432655334], 29.414919690481085]
598.png	[[-0.05611499771475792, -0.05608496814966202], 28.387708568017302]
608.png	[[0.019140737131237984, 0.01914423331618309], 28.584444175972013]
618.png	[[0.037854138761758804, 0.03786781430244446], 28.565851276350074]
628.png	[[-0.015318243764340878, -0.015316004864871502], 27.875730159562178]
638.png	[[0.0, 0.0], 26.947357438680154]
648.png	[[0.0, 0.0], 25.732202633438664]
658.png	[[0.0, 0.0], 24.851706802126696]
668.png	[[-0.03837968036532402, -0.03836563229560852], 23.861197414364725]
678.png	[[0.0, 0.0], 22.817719401821062]
688.png	[[0.0, 0.0], 21.83658607253612]
698.png	[[0.0, 0.0], 17.461095906665246]
708.png	[[-0.012301020324230194, -0.012299577705562115], 0.03152955029288974]
718.png	[[0.0, 0.0], 0.03197408146778365]
728.png	[[0.0, 0.0], 0.03200366305609754]
738.png	[[0.0, 0.0], 0.03200712207678756]
748.png	[[-0.4545786380767822, -0.4526154398918152], 0.032007772475481686]
758.png	[[-4.1827826499938965, -4.022510528564453], 0.03200516402732509]
768.png	[[-4.1827826499938965, -4.022510528564453], 0.001710948928565641]
778.png	[[-4.1827826499938965, -4.022510528564453], 9.664537230214875e-05]
788.png	[[-4.1827826499938965, -4.022510528564453], 3.7079284452871893e-06]
798.png	[[-4.1827826499938965, -4.022510528564453], 3.4724749987213506e-06]
808.png	[[-4.1827826499938965, -4.022510528564453], 3.982727276945561e-06]
818.png	[[-4.1827826499938965, -4.022510528564453], 1.5459201603518278e-06]
828.png	[[-4.1827826499938965, -4.022510528564453], 2.1629790665186463e-06]
838.png	[[-4.1827826499938965, -4.022510528564453], 3.0568797620485045e-06]
848.png	[[-4.1827826499938965, -4.022510528564453], 9.613353183235111e-07]
858.png	[[-4.1827826499938965, -4.022510528564453], 1.4076478627148819e-06]
868.png	[[-4.1827826499938965, -4.022510528564453], 1.9913036765938977e-06]
878.png	[[-4.1827826499938965, -4.022510528564453], 2.0256849028685815e-06]
888.png	[[-4.1827826499938965, -4.022510528564453], 2.7512753338203074e-06]
898.png	[[-4.1827826499938965, -4.022510528564453], 7.553231900806681e-07]
908.png	[[-4.1827826499938965, -4.022510528564453], 1.306370182699704e-06]
918.png	[[-4.1827826499938965, -4.022510528564453], 1.6479765623608841e-06]
928.png	[[-4.1827826499938965, -4.022510528564453], 1.9912961687050846e-06]
938.png	[[-4.1827826499938965, -4.022510528564453], 2.19734965611925e-06]
948.png	[[-4.1827826499938965, -4.022510528564453], 7.210013037357581e-07]
958.png	[[-4.1827826499938965, -4.022510528564453], 1.1673497321903188e-06]
968.png	[[-4.1827826499938965, -4.022510528564453], 1.579305946952254e-06]
978.png	[[-4.1827826499938965, -4.022510528564453], 1.7167633398532859e-06]
988.png	[[-4.1827826499938965, -4.022510528564453], 2.3346667548781137e-06]
998.png	[[-4.1827826499938965, -4.022510528564453], 5.860408197389055e-07]
1008.png	[[-4.1827826499938965, -4.022510528564453], 1.0986901341266737e-06]
1018.png	[[-4.1827826499938965, -4.022510528564453], 1.6872556333596784e-06]
1028.png	[[-4.1827826499938965, -4.022510528564453], 1.652681299867802e-06]
1038.png	[[-4.1827826499938965, -4.022510528564453], 1.9606363317164693e-06]
1048.png	[[-4.1827826499938965, -4.022510528564453], 2.9883377409631492e-06]
1058.png	[[-4.1827826499938965, -4.022510528564453], 1.06626875801978e-06]
1068.png	[[-4.1827826499938965, -4.022510528564453], 1.2359889562235962e-06]
1078.png	[[-4.1827826499938965, -4.022510528564453], 1.7852941960335207e-06]
1088.png	[[-4.1827826499938965, -4.022510528564453], 2.0273739960976163e-06]
1098.png	[[-4.1827826499938965, -4.022510528564453], 3.655020381680845e-06]
1108.png	[[-4.1827826499938965, -4.022510528564453], 8.583120180881712e-07]
1118.png	[[-4.1827826499938965, -4.022510528564453], 1.2703024787905662e-06]
1128.png	[[-4.1827826499938965, -4.022510528564453], 1.579319036887694e-06]
1138.png	[[-4.1827826499938965, -4.022510528564453], 1.9913081285244694e-06]
1148.png	[[-4.1827826499938965, -4.022510528564453], 2.197379613272172e-06]
1158.png	[[-4.1827826499938965, -4.022510528564453], 6.527157305701324e-07]
1168.png	[[-4.1827826499938965, -4.022510528564453], 1.2016408920623918e-06]
1178.png	[[-4.1827826499938965, -4.022510528564453], 1.5792950147816956e-06]
1188.png	[[-4.1827826499938965, -4.022510528564453], 1.8196475467478287e-06]
1198.png	[[-4.093348026275635, -3.9397194385528564], 1.7719398859513917]
1208.png	[[-3.1527373790740967, -3.0607500076293945], 8.142264496962701]
1218.png	[[-6.475273609161377, -6.099889278411865], 17.096244749395694]
1228.png	[[-4.316452980041504, -4.145999908447266], 20.987615101180758]
1238.png	[[-14.43454360961914, -12.715574264526367], 29.174217108103523]
1248.png	[[-10.98794937133789, -9.955671310424805], 29.406560469950143]
1258.png	[[-11.222811698913574, -10.148536682128906], 28.856671773216735]
1268.png	[[-7.557726860046387, -7.051918983459473], 28.802088838458133]
1278.png	[[-6.367065906524658, -6.003726482391357], 28.900149140033754]
1288.png	[[-5.101873397827148, -4.865602970123291], 28.940672770136494]
1298.png	[[-2.3622608184814453, -2.310215950012207], 28.887956299748854]
1308.png	[[-0.1501433104276657, -0.1499285101890564], 28.912864741658062]
1318.png	[[21.734704971313477, 27.010169982910156], 4.58607339033616]
1328.png	[[22.71757698059082, 28.499584197998047], 2.8386504896000604]
1338.png	[[17.026906967163086, 20.195005416870117], 8.956732991783381]
1348.png	[[8.087916374206543, 8.759044647216797], 18.493353606941284]
1358.png	[[2.1232211589813232, 2.1671056747436523], 24.619469876715105]
1368.png	[[0.023868633434176445, 0.02387407049536705], 28.618188959869343]
1378.png	[[-0.036901675164699554, -0.03688868507742882], 29.27454559409733]
1388.png	[[0.0, 0.0], 28.78253401253962]
1398.png	[[0.0, 0.0], 28.602946347496612]
1408.png	[[-0.03785187005996704, -0.037838201969861984], 28.760559591635392]
1418.png	[[0.0, 0.0], 28.797029491071438]
1428.png	[[0.0, 0.0], 28.746849098823592]
1438.png	[[0.0, 0.0], 28.74276879542666]
1448.png	[[-0.03785260021686554, -0.03783893212676048], 28.758944185414535]
1458.png	[[0.0, 0.0], 28.760202107531768]
1468.png	[[0.0, 0.0], 28.745275124603527]
1478.png	[[0.0, 0.0], 28.77377539292682]
1488.png	[[0.0, 0.0], 28.777356559333075]
1498.png	[[0.0, 0.0], 28.743952748698707]
1508.png	[[0.0, 0.0], 28.73781710258059]
1518.png	[[0.0, 0.0], 28.788864848126423]
1528.png	[[0.0, 0.0], 28.763191876815267]
1538.png	[[0.0, 0.0], 28.750667614979157]
1548.png	[[0.0, 0.0], 28.753787850485306]
1558.png	[[0.0, 0.0], 28.760656365657866]
1568.png	[[0.0, 0.0], 28.75800102914483]
1578.png	[[0.0, 0.0], 28.665854559358085]
1588.png	[[0.0, 0.0], 28.758216741014774]
1598.png	[[0.0, 0.0], 28.812665156272157]
1608.png	[[-0.010806672275066376, -0.010805557481944561], 28.752491888381975]
1618.png	[[0.0, 0.0], 28.733603244543524]
1628.png	[[0.0, 0.0], 28.746205297403783]
1638.png	[[0.0, 0.0], 28.753009246801078]
1648.png	[[0.0, 0.0], 28.747931441141645]
1658.png	[[0.0, 0.0], 28.74055092640822]
1668.png	[[0.0, 0.0], 28.732741112221714]
1678.png	[[0.0, 0.0], 28.733021759641957]
1688.png	[[0.0, 0.0], 28.734183896650194]
1698.png	[[0.0, 0.0], 28.734043156298537]
1708.png	[[0.0, 0.0], 28.733765068344333]
1718.png	[[0.0, 0.0], 28.733823419313566]
1728.png	[[0.0, 0.0], 28.733907573054704]
1738.png	[[0.0, 0.0], 28.7339109846232]
1748.png	[[0.0, 0.0], 28.73391617753073]
1758.png	[[0.0, 0.0], 28.733926477252968]
1768.png	[[0.0, 0.0], 28.733938403965375]
1778.png	[[0.0, 0.0], 28.733964104674154]
1788.png	[[0.0, 0.0], 28.733969254142842]
1798.png	[[0.0, 0.0], 28.73395900567085]
1808.png	[[0.0, 0.0], 28.733972734184363]
1818.png	[[0.0, 0.0], 28.73400186844818]
1828.png	[[1.9054135084152222, 1.94068443775177], 28.727213511067212]
1838.png	[[0.10097731649875641, 0.1010747104883194], 28.726754320835052]
1848.png	[[0.2476218044757843, 0.24820825457572937], 28.73276492943974]
1858.png	[[0.2984376549720764, 0.2992899417877197], 28.738729473544332]
1868.png	[[0.6847577095031738, 0.6892610192298889], 28.74469716144713]
1878.png	[[4.693718433380127, 4.91325569152832], 28.723855241643996]
1888.png	[[2.224623441696167, 2.2728452682495117], 28.881417739559293]
1898.png	[[3.56366229057312, 3.6889355182647705], 28.990953795386126]
1908.png	[[5.738283157348633, 6.06943941116333], 28.971764001762264]
1918.png	[[2.5240976810455322, 2.586348533630371], 28.951168129918283]
1928.png	[[3.683265447616577, 3.8172333240509033], 28.91892632995626]
1938.png	[[5.969822406768799, 6.3289642333984375], 28.937149115471982]
1948.png	[[2.5322375297546387, 2.594895124435425], 28.975534203201846]
1958.png	[[3.76853609085083, 3.908886671066284], 28.95909841368033]
1968.png	[[6.182586193084717, 6.568492889404297], 28.98017335277008]
1978.png	[[2.2040350437164307, 2.251359224319458], 29.012150240923436]
1988.png	[[3.1501176357269287, 3.2476351261138916], 29.004343140314614]
1998.png	[[4.557651519775391, 4.764393329620361], 28.973659863854802]
2008.png	[[2.166494369506836, 2.2122044563293457], 29.022298289715586]
2018.png	[[3.2534778118133545, 3.357597589492798], 28.99029511005086]
2028.png	[[6.985413074493408, 7.481445789337158], 28.92270121098251]
2038.png	[[0.8494916558265686, 0.8564333319664001], 28.545703114200137]
2048.png	[[-3.3544890880584717, -3.250558853149414], 18.06130251068478]
2058.png	[[2.345104694366455, 2.3987507820129395], 23.371676128805046]
2068.png	[[5.348956108093262, 5.6357221603393555], 28.906379411478834]
2078.png	[[7.154296875, 7.67534875869751], 29.389533656860053]
2088.png	[[2.9180665016174316, 3.001568555831909], 28.89376765328708]
2098.png	[[3.9941091537475586, 4.152085781097412], 28.78370768872285]
2108.png	[[6.328392505645752, 6.733224868774414], 28.93508123896771]
2118.png	[[2.714038610458374, 2.7861368656158447], 28.965100657696613]
2128.png	[[4.175552845001221, 4.348490238189697], 28.91711568608437]
2138.png	[[6.216431617736816, 6.606688976287842], 28.905630152948024]
2148.png	[[4.131924629211426, 4.301201343536377], 28.923129228480725]
2158.png	[[2.185093641281128, 2.231600046157837], 28.911912499360433]
2168.png	[[-1.2385438680648804, -1.2240797281265259], 28.90794119167454]
2178.png	[[6.939546585083008, 7.428896903991699], 29.907840569276697]
2188.png	[[3.353421688079834, 3.464137554168701], 28.572055611235577]
2198.png	[[4.275618076324463, 4.457106590270996], 28.729711532635385]
2208.png	[[6.476792812347412, 6.9013752937316895], 29.031144665575304]
2218.png	[[2.7188520431518555, 2.7912094593048096], 28.96831159545514]
2228.png	[[1.7506232261657715, 1.7803535461425781], 28.955673255747474]
2238.png	[[4.5355377197265625, 4.740238189697266], 29.28955389427733]
2248.png	[[0.21438051760196686, 0.2148199826478958], 29.011819917476753]
2258.png	[[4.529546737670898, 4.733696460723877], 29.021608028941174]
2268.png	[[0.2583260238170624, 0.2589643597602844], 28.879596584905116]
2278.png	[[3.6556236743927, 3.78755521774292], 29.027805813536435]
2288.png	[[0.1693703830242157, 0.1696445494890213], 28.879499858666623]
2298.png	[[2.8301684856414795, 2.9086523056030273], 28.904247432601217]
2308.png	[[4.6957688331604, 4.915501594543457], 28.86401739875139]
2318.png	[[0.4744049608707428, 0.47656217217445374], 28.93989848171495]
2328.png	[[2.1599035263061523, 2.2053329944610596], 28.962736472263085]
2338.png	[[0.15719103813171387, 0.15742716193199158], 28.905759368080954]
2348.png	[[1.3267052173614502, 1.3437128067016602], 28.898668635562984]
2358.png	[[0.6339095830917358, 0.6377670764923096], 28.77407453576989]
2368.png	[[0.1856227070093155, 0.1859520822763443], 28.774168290031124]
2378.png	[[-0.031911227852106094, -0.031901512295007706], 28.788371704417997]
2388.png	[[0.0, 0.0], 28.998404682262134]
2398.png	[[0.04270767793059349, 0.0427250899374485], 28.489924486606974]
2408.png	[[0.0, 0.0], 28.874372732512118]
2418.png	[[-4.161185264587402, -4.002529621124268], 29.147296283257795]
2428.png	[[0.09310843050479889, 0.0931912288069725], 28.990010840884437]
2438.png	[[-25.5618953704834, -20.764474868774414], 29.744670231520697]
2448.png	[[-2.554720640182495, -2.493964195251465], 28.11176136169087]
2458.png	[[1.5313470363616943, 1.5540493726730347], 28.868070666595134]
2468.png	[[-50.41449737548828, -36.055908203125], 21.91531883494667]
2478.png	[[-23.86773681640625, -19.609983444213867], 29.9121691118957]
2488.png	[[-2.0546212196350098, -2.0151307582855225], 27.994303151186674]
2498.png	[[12.200864791870117, 13.77767562866211], 28.62591523992436]
2508.png	[[4.947632312774658, 5.192113876342773], 28.834919291421897]
2518.png	[[2.2343831062316895, 2.2830331325531006], 28.926865776077026]
2528.png	[[0.15026617050170898, 0.1504819393157959], 28.89432710441936]
2538.png	[[8.957352638244629, 9.786385536193848], 11.489583597821072]
2548.png	[[3.5951850414276123, 3.7227208614349365], 18.96651679844819]
2558.png	[[-4.34628963470459, -4.17352294921875], 25.771761693036673]
2568.png	[[-4.588704586029053, -4.396592140197754], 28.478261998137583]
2578.png	[[-0.44067126512527466, -0.4388260841369629], 29.38354795521544]
2588.png	[[0.059381306171417236, 0.05941497161984444], 28.943596271941512]
2598.png	[[0.02812345325946808, 0.02813100256025791], 28.59685897738472]
2608.png	[[-0.046838074922561646, -0.04681715369224548], 28.80510914800582]
2618.png	[[0.0, 0.0], 28.751756465684966]
2628.png	[[0.0, 0.0], 28.82788556624944]
2638.png	[[0.0, 0.0], 28.783074871279865]
2648.png	[[0.010805072262883186, 0.010806187056005001], 28.76385112985595]
2658.png	[[0.0, 0.0], 28.80985919924377]
2668.png	[[0.0, 0.0], 28.811016330608858]
2678.png	[[0.0, 0.0], 28.7987460113331]
2688.png	[[0.0, 0.0], 28.799923956816087]
2698.png	[[0.0, 0.0], 28.802980245888328]
2708.png	[[0.0, 0.0], 28.791747489280805]
2718.png	[[-0.05312885716557503, -0.05310193449258804], 28.799723690619633]
2728.png	[[0.0, 0.0], 28.80601500084707]
2738.png	[[-0.010805009864270687, -0.010803896002471447], 28.800834247787932]
2748.png	[[0.03783254325389862, 0.03784620389342308], 28.80657164541111]
2758.png	[[0.0, 0.0], 28.787970290563216]
2768.png	[[0.0, 0.0], 28.79416196865618]
2778.png	[[-0.010805157013237476, -0.010804043151438236], 28.799193437539085]
2788.png	[[0.0, 0.0], 28.78852186571959]
2798.png	[[0.0, 0.0], 28.780443886659906]
2808.png	[[0.0, 0.0], 28.764279120189652]
2818.png	[[0.0, 0.0], 28.774034754951806]
2828.png	[[0.0, 0.0], 28.778603561407447]
2838.png	[[0.0, 0.0], 28.76727369249613]
2848.png	[[0.0, 0.0], 28.757688089019798]
2858.png	[[0.0, 0.0], 28.74248329684184]
2868.png	[[0.0, 0.0], 28.75260432718928]
2878.png	[[0.0, 0.0], 28.757300016904594]
2888.png	[[0.0, 0.0], 28.746247106505695]
2898.png	[[0.0, 0.0], 28.7348656503786]
2908.png	[[0.0, 0.0], 28.731112607533955]
2918.png	[[0.0, 0.0], 28.738473125373815]
2928.png	[[0.0, 0.0], 28.739692512697935]
2938.png	[[0.0, 0.0], 28.739351223002625]
2948.png	[[-0.037856657058000565, -0.03784298896789551], 28.72479189413836]
2958.png	[[0.0, 0.0], 28.724217121798596]
2968.png	[[0.0, 0.0], 28.728221758639656]
2978.png	[[0.0, 0.0], 28.72824237594298]
2988.png	[[0.0, 0.0], 28.727173011281405]
2998.png	[[0.0, 0.0], 28.7272018931783]
3008.png	[[0.0, 0.0], 28.727490359651416]
3018.png	[[0.0, 0.0], 28.727417184700148]
3028.png	[[0.0, 0.0], 28.727336931544993]
3038.png	[[0.0, 0.0], 28.72738920768346]
3048.png	[[0.0, 0.0], 28.72738069684608]
3058.png	[[0.0, 0.0], 28.72733947938038]
3068.png	[[0.0, 0.0], 28.727349832640584]
3078.png	[[0.01080628763884306, 0.0108074015006423], 28.72734599415688]
3088.png	[[0.0, 0.0], 28.72733518514356]
3098.png	[[0.0, 0.0], 28.727322395710353]
3108.png	[[0.0, 0.0], 28.707855429060185]
3118.png	[[0.0, 0.0], 28.767902312487454]
3128.png	[[0.0, 0.0], 28.659402717045634]
3138.png	[[0.0, 0.0], 28.742100130056997]
3148.png	[[-0.0599435456097126, -0.05990928038954735], 28.725218995722223]
3158.png	[[0.01369263045489788, 0.013694421388208866], 28.567676749250424]
3168.png	[[-0.06055701896548271, -0.06052204966545105], 27.934710740123702]
3178.png	[[0.03798366338014603, 0.03799743577837944], 27.37633794563365]
3188.png	[[0.0, 0.0], 26.69450649098697]
3198.png	[[0.0, 0.0], 25.79146919920821]
3208.png	[[-0.010966567322611809, -0.010965419933199883], 23.563788518001175]
3218.png	[[0.0, 0.0], 19.329687379587483]
3228.png	[[0.0, 0.0], 21.027923505821416]
3238.png	[[-0.012300929985940456, -0.012299486435949802], 0.024634085703163975]
3248.png	[[0.0, 0.0], 0.0276009559613544]
3258.png	[[0.0, 0.0], 0.02774362243525652]
3268.png	[[0.13615204393863678, 0.13632915914058685], 0.02807493158165478]
3278.png	[[0.16151286661624908, 0.16176216304302216], 0.02908645788381271]
3288.png	[[0.2029082477092743, 0.20330187678337097], 0.029491941312221864]
3298.png	[[3.39981746673584, 3.5136661529541016], 0.027955131465068776]
3308.png	[[3.400221109390259, 3.5140974521636963], 0.0014564468764587271]
3318.png	[[3.3999686241149902, 3.5138278007507324], 8.889344362204604e-05]
3328.png	[[3.3999686241149902, 3.5138278007507324], 4.382076775063343e-05]
3338.png	[[3.3999686241149902, 3.5138278007507324], 4.392312878130829e-05]
3348.png	[[3.3999686241149902, 3.5138278007507324], 4.387326208007495e-05]
3358.png	[[3.3999686241149902, 3.5138278007507324], 4.383124534962259e-05]
3368.png	[[3.3999686241149902, 3.5138278007507324], 4.402903330781338e-05]
3378.png	[[3.3999691009521484, 3.5138285160064697], 4.2344426971346666e-05]
3388.png	[[3.3999686241149902, 3.5138278007507324], 4.38484241058412e-05]
3398.png	[[3.3999686241149902, 3.5138278007507324], 4.389914563727587e-05]
3408.png	[[3.3999686241149902, 3.5138278007507324], 4.395605189962678e-05]
3418.png	[[3.3999686241149902, 3.5138278007507324], 4.387065267909654e-05]
3428.png	[[3.3999686241149902, 3.5138278007507324], 4.407131910033771e-05]
3438.png	[[3.3999686241149902, 3.5138278007507324], 4.385757306593349e-05]
3448.png	[[3.3999686241149902, 3.5138278007507324], 4.388563157571338e-05]
3458.png	[[3.3999686241149902, 3.5138278007507324], 4.387438182155688e-05]
3468.png	[[3.3999686241149902, 3.5138278007507324], 4.385870637916754e-05]
3478.png	[[3.3999686241149902, 3.5138278007507324], 4.389185531500574e-05]
3488.png	[[3.3999686241149902, 3.5138278007507324], 4.3822270342218855e-05]
3498.png	[[3.3999686241149902, 3.5138278007507324], 4.388723655343483e-05]
3508.png	[[3.3999686241149902, 3.5138278007507324], 4.3786888648575547e-05]
3518.png	[[3.3999686241149902, 3.5138278007507324], 4.3995257166932824e-05]
3528.png	[[3.3999686241149902, 3.5138278007507324], 4.386407150190291e-05]
3538.png	[[3.3999686241149902, 3.5138278007507324], 4.3809602026830684e-05]
3548.png	[[3.3999686241149902, 3.5138278007507324], 4.3861412526881056e-05]
3558.png	[[3.3999686241149902, 3.5138278007507324], 4.3795966588991915e-05]
3568.png	[[3.3999686241149902, 3.5138278007507324], 4.393449156229469e-05]
3578.png	[[3.3999686241149902, 3.5138278007507324], 4.398825275335021e-05]
3588.png	[[3.3999691009521484, 3.5138285160064697], 4.2344426971346666e-05]
3598.png	[[3.3999686241149902, 3.5138278007507324], 4.384605902118238e-05]
3608.png	[[3.3999686241149902, 3.5138278007507324], 4.390745708771815e-05]
3618.png	[[3.3999686241149902, 3.5138278007507324], 4.380893638930726e-05]
3628.png	[[3.3999686241149902, 3.5138278007507324], 4.3818396002924774e-05]
3638.png	[[3.3999686241149902, 3.5138278007507324], 4.3884715339744886e-05]
3648.png	[[3.3999686241149902, 3.5138278007507324], 4.385882725138068e-05]
3658.png	[[3.3999686241149902, 3.5138278007507324], 4.3889943610654904e-05]
3668.png	[[3.3999686241149902, 3.5138278007507324], 4.393798163725538e-05]
3678.png	[[3.3999686241149902, 3.5138278007507324], 4.394977810780634e-05]
3688.png	[[3.3999686241149902, 3.5138278007507324], 4.3876677477982274e-05]
3698.png	[[3.3999686241149902, 3.5138278007507324], 4.3830663351199944e-05]
3708.png	[[3.3999686241149902, 3.5138278007507324], 4.3742122296966576e-05]
3718.png	[[3.3999686241149902, 3.5138278007507324], 4.378592570233317e-05]
3728.png	[[3.3999686241149902, 3.5138278007507324], 4.3956887576264016e-05]
3738.png	[[3.3999686241149902, 3.5138278007507324], 4.386308514621737e-05]
3748.png	[[3.3999686241149902, 3.5138278007507324], 4.381113314719743e-05]
3758.png	[[3.3999686241149902, 3.5138278007507324], 4.386128053949948e-05]
3768.png	[[3.3999686241149902, 3.5138278007507324], 4.3917685139894586e-05]
3778.png	[[3.3999686241149902, 3.5138278007507324], 4.3978289823867926e-05]
3788.png	[[3.3999686241149902, 3.5138278007507324], 4.402903316156648e-05]
3798.png	[[3.3999691009521484, 3.5138285160064697], 4.2344426971346666e-05]
3808.png	[[3.3999686241149902, 3.5138278007507324], 4.3848424188584734e-05]
3818.png	[[3.3999686241149902, 3.5138278007507324], 4.387239154928294e-05]
3828.png	[[3.3999686241149902, 3.5138278007507324], 4.3919158911442474e-05]
3838.png	[[3.3999686241149902, 3.5138278007507324], 4.382503855161665e-05]
3848.png	[[3.3999686241149902, 3.5138278007507324], 4.390183661496007e-05]
3858.png	[[3.3999686241149902, 3.5138278007507324], 4.383921892205629e-05]
3868.png	[[3.3999686241149902, 3.5138278007507324], 4.389601750607695e-05]
3878.png	[[3.3999686241149902, 3.5138278007507324], 4.3821332501409326e-05]
3888.png	[[3.3999686241149902, 3.5138278007507324], 4.385889217358047e-05]
3898.png	[[3.3999686241149902, 3.5138278007507324], 4.381458696879666e-05]
3908.png	[[3.3999686241149902, 3.5138278007507324], 4.3830663351199944e-05]
3918.png	[[3.3999686241149902, 3.5138278007507324], 4.374092953035743e-05]
3928.png	[[3.3999686241149902, 3.5138278007507324], 4.379563266612871e-05]
3938.png	[[3.3999686241149902, 3.5138278007507324], 4.383552545457401e-05]
3948.png	[[3.3999686241149902, 3.5138278007507324], 4.387212589693714e-05]
3958.png	[[3.3999686241149902, 3.5138278007507324], 4.3820081887900036e-05]
3968.png	[[3.3999686241149902, 3.5138278007507324], 4.3862462470323255e-05]
3978.png	[[3.3999686241149902, 3.5138278007507324], 4.3922724792634504e-05]
3988.png	[[3.3999686241149902, 3.5138278007507324], 4.3834403619805595e-05]
3998.png	[[3.3999686241149902, 3.5138278007507324], 4.4037390854741474e-05]
4008.png	[[3.3999691009521484, 3.5138285160064697], 4.2344426971346666e-05]
4018.png	[[3.3999686241149902, 3.5138278007507324], 4.386889952862414e-05]
4028.png	[[3.3999686241149902, 3.5138278007507324], 4.383631199906625e-05]
4038.png	[[3.3999686241149902, 3.5138278007507324], 4.382734961275933e-05]
4048.png	[[3.3999686241149902, 3.5138278007507324], 4.3897557034299725e-05]
4058.png	[[3.3999686241149902, 3.5138278007507324], 4.389105977206535e-05]
4068.png	[[3.3999686241149902, 3.5138278007507324], 4.3833963343772746e-05]
4078.png	[[3.3999686241149902, 3.5138278007507324], 4.388806237735809e-05]
4088.png	[[3.3999686241149902, 3.5138278007507324], 4.379812960157423e-05]
4098.png	[[3.3999686241149902, 3.5138278007507324], 4.385608753862084e-05]
4108.png	[[3.3999686241149902, 3.5138278007507324], 4.38898517016898e-05]
4118.png	[[3.3999686241149902, 3.5138278007507324], 4.38211556100086e-05]
4128.png	[[3.3999686241149902, 3.5138278007507324], 4.3742122375716185e-05]
4138.png	[[3.3999686241149902, 3.5138278007507324], 4.378579065317741e-05]
4148.png	[[3.3999686241149902, 3.5138278007507324], 4.398441681920991e-05]
4158.png	[[3.3999686241149902, 3.5138278007507324], 4.404802956430068e-05]
4168.png	[[3.3999686241149902, 3.5138278007507324], 4.380960497141732e-05]
4178.png	[[3.3999686241149902, 3.5138278007507324], 4.386128053949948e-05]
4188.png	[[3.3999686241149902, 3.5138278007507324], 4.392272489446007e-05]
4198.png	[[3.3999686241149902, 3.5138278007507324], 4.397862336583394e-05]
4208.png	[[3.3999686241149902, 3.5138278007507324], 4.387037686805307e-05]
4218.png	[[3.2956786155700684, 3.4025583267211914], 1.8680160447901035]
4228.png	[[2.4148736000061035, 2.4717957973480225], 7.6090323125236425]
4238.png	[[1.0673264265060425, 1.078307032585144], 17.13141846361644]
4248.png	[[-0.15040810406208038, -0.15019254386425018], 7.944890650698865]
4258.png	[[0.0, 0.0], 17.522373459453245]
4268.png	[[-0.01103497575968504, -0.011033814400434494], 21.81700995061166]
4278.png	[[0.0, 0.0], 29.244934713121893]
4288.png	[[0.0, 0.0], 29.40564087713683]
4298.png	[[0.0, 0.0], 28.579556692852623]
4308.png	[[0.0, 0.0], 28.579733476823925]
4318.png	[[0.0, 0.0], 28.823046244008616]
4328.png	[[0.0, 0.0], 28.79783547282484]
4338.png	[[0.0, 0.0], 28.7347661153352]
4348.png	[[-0.010806761682033539, -0.010805646888911724], 28.746180743461963]
4358.png	[[-0.03785239905118942, -0.037838730961084366], 28.76212801544006]
4368.png	[[0.0, 0.0], 28.757852465359857]
4378.png	[[0.0, 0.0], 28.753907882481663]
4388.png	[[0.0, 0.0], 28.755335279009106]
4398.png	[[0.0, 0.0], 28.75627751609759]
4408.png	[[0.0, 0.0], 28.75586226586698]
4418.png	[[-0.010806497186422348, -0.010805382393300533], 28.755620395680587]
4428.png	[[0.0, 0.0], 28.755751793703038]
4438.png	[[0.0, 0.0], 28.75578933714435]
4448.png	[[0.0, 0.0], 28.753001393404634]
4458.png	[[0.03783982992172241, 0.03785349801182747], 28.752387651672297]
4468.png	[[0.010805290192365646, 0.010806404054164886], 28.756619748346814]
4478.png	[[0.0, 0.0], 28.764855047131736]
4488.png	[[0.0, 0.0], 28.77131377139049]
4498.png	[[0.0, 0.0], 28.767342870621214]
4508.png	[[0.0, 0.0], 28.706434381139807]
4518.png	[[0.0, 0.0], 28.804741861270003]
4528.png	[[0.0, 0.0], 28.778489868570333]
4538.png	[[0.0, 0.0], 28.751559218848588]
4548.png	[[0.0, 0.0], 28.756029480307227]
4558.png	[[0.0, 0.0], 28.759368954756717]
4568.png	[[0.0, 0.0], 28.758008412688895]
4578.png	[[0.0, 0.0], 28.75671434164104]
4588.png	[[0.0, 0.0], 28.756533563426924]
4598.png	[[0.0, 0.0], 28.753725262696374]
4608.png	[[0.0, 0.0], 28.74996309088364]
4618.png	[[0.0, 0.0], 28.750471227092806]
4628.png	[[-0.01080662477761507, -0.01080551091581583], 28.751461384842653]
4638.png	[[0.0, 0.0], 28.75051730909222]
4648.png	[[0.0, 0.0], 28.749464786969977]
4658.png	[[0.0, 0.0], 28.74787190243588]
4668.png	[[0.0, 0.0], 28.748177891257814]
4678.png	[[0.0, 0.0], 28.74256511212815]
4688.png	[[0.0, 0.0], 28.733739279085192]
4698.png	[[0.0, 0.0], 28.732557771264315]
4708.png	[[0.0, 0.0], 28.733908616436263]
4718.png	[[0.0, 0.0], 28.73420973014038]
4728.png	[[0.0, 0.0], 28.733859544562172]
4738.png	[[0.0, 0.0], 28.733797680099997]
4748.png	[[0.0, 0.0], 28.73394027714787]
4758.png	[[0.0, 0.0], 28.733941948997064]
4768.png	[[0.0, 0.0], 28.733887818856296]
4778.png	[[0.0, 0.0], 28.733909270521956]
4788.png	[[0.0, 0.0], 28.73395562127302]
4798.png	[[0.0, 0.0], 28.733958930268912]
4808.png	[[0.0, 0.0], 28.73395731597337]
4818.png	[[0.0, 0.0], 28.733953818086185]
4828.png	[[0.0, 0.0], 28.73399332212057]
4838.png	[[0.0, 0.0], 28.73400531867981]
4848.png	[[0.0, 0.0], 28.73399672237788]
4858.png	[[0.17074722051620483, 0.17102587223052979], 28.733711066879657]
4868.png	[[0.22782161831855774, 0.22831794619560242], 28.734486149140963]
4878.png	[[0.2873286306858063, 0.28811854124069214], 28.738938545452747]
4888.png	[[2.2044711112976074, 2.251814365386963], 28.729672413371674]
4898.png	[[5.270060062408447, 5.548235893249512], 28.856214680759386]
4908.png	[[2.353236436843872, 2.407259225845337], 29.00964506164938]
4918.png	[[3.6029958724975586, 3.731095314025879], 28.94306582345182]
4928.png	[[5.965153694152832, 6.323719501495361], 28.899152797442706]
4938.png	[[2.5048155784606934, 2.566107988357544], 28.942546473813156]
4948.png	[[3.6801083087921143, 3.8138434886932373], 28.938103411967816]
4958.png	[[5.97589635848999, 6.335788726806641], 28.939722468626158]
4968.png	[[2.5487823486328125, 2.612271308898926], 28.977911709566765]
4978.png	[[3.8213963508605957, 3.9657809734344482], 28.959210232029477]
4988.png	[[6.25319766998291, 6.6482110023498535], 28.9592657405612]
4998.png	[[2.6781506538391113, 2.7483315467834473], 29.01131064131049]
5008.png	[[3.885735034942627, 4.035109519958496], 28.995209081595412]
5018.png	[[6.258792400360107, 6.654531478881836], 28.968103853510733]
5028.png	[[2.686856269836426, 2.757499933242798], 29.010244451921306]
5038.png	[[3.30561900138855, 3.413154125213623], 29.013319675405672]
5048.png	[[2.1066956520080566, 2.149892807006836], 29.040352703297213]
5058.png	[[1.499852180480957, 1.5216238498687744], 28.99876955112558]
5068.png	[[-4.251241207122803, -4.085792541503906], 22.63749224544588]
5078.png	[[7.047453880310059, 7.552602291107178], 30.227082898918614]
5088.png	[[3.296531915664673, 3.403467893600464], 28.787408065396097]
5098.png	[[3.7296977043151855, 3.867122173309326], 28.576203785711307]
5108.png	[[4.731836795806885, 4.95503044128418], 28.938618268415464]
5118.png	[[2.2144367694854736, 2.2622134685516357], 29.02630848083933]
5128.png	[[3.233273983001709, 3.336085557937622], 28.944459290966748]
5138.png	[[3.9375245571136475, 4.090978145599365], 28.926488825808963]
5148.png	[[6.083594799041748, 6.456923484802246], 28.920560655587984]
5158.png	[[2.491736650466919, 2.5523831844329834], 28.938847016631275]
5168.png	[[1.6608638763427734, 1.687601089477539], 28.984951683821564]
5178.png	[[1.341365098953247, 1.358752965927124], 29.692808194600374]
5188.png	[[3.819988489151001, 3.9642651081085205], 28.165272499759688]
5198.png	[[5.542673110961914, 5.851109027862549], 28.770769106064456]
5208.png	[[2.4889895915985107, 2.5495009422302246], 29.125732639948602]
5218.png	[[3.8301258087158203, 3.9751827716827393], 28.94852510362425]
5228.png	[[6.25187349319458, 6.64671516418457], 28.870819792017787]
5238.png	[[4.1605730056762695, 4.332249164581299], 28.916004030467402]
5248.png	[[2.192387819290161, 2.2392079830169678], 28.9209598597903]
5258.png	[[-1.2404170036315918, -1.2259093523025513], 28.910174088372937]
5268.png	[[4.719578742980957, 4.941592693328857], 29.205948936527548]
5278.png	[[2.36507248878479, 2.4196460247039795], 29.033684778354964]
5288.png	[[5.2325825691223145, 5.506725311279297], 28.839846811566836]
5298.png	[[3.3455286026000977, 3.455716133117676], 28.877865865678285]
5308.png	[[0.3551693260669708, 0.35637712478637695], 28.94507016580729]
5318.png	[[3.4489376544952393, 3.566152334213257], 29.14119453757176]
5328.png	[[0.1560438573360443, 0.15627655386924744], 28.93822818750901]
5338.png	[[2.468571662902832, 2.528083562850952], 28.861617678131875]
5348.png	[[0.13558818399906158, 0.13576383888721466], 28.860421660945722]
5358.png	[[1.5310734510421753, 1.5537676811218262], 28.968535301138584]
5368.png	[[0.7030589580535889, 0.7078071236610413], 28.81753900781769]
5378.png	[[0.3621639907360077, 0.36341986060142517], 28.759600195776137]
5388.png	[[-0.09687209129333496, -0.0967826321721077], 28.791451028875763]
5398.png	[[-4.347614288330078, -4.174745082855225], 28.83981827400115]
5408.png	[[-2.3868203163146973, -2.333700180053711], 28.72293827161823]
5418.png	[[-5.504668235778809, -5.230724811553955], 28.90712480843421]
5428.png	[[-9.987539291381836, -9.125855445861816], 28.93812357727436]
5438.png	[[-17.328065872192383, -14.924515724182129], 28.980760879948242]
5448.png	[[-13.622103691101074, -12.078208923339844], 28.925436298021843]
5458.png	[[-9.508069038391113, -8.723283767700195], 29.110333724887447]
5468.png	[[-0.4747401177883148, -0.4725993275642395], 28.97340895789109]
5478.png	[[26.648988723754883, 34.66665267944336], 0.8634966397445726]
5488.png	[[23.827068328857422, 30.206987380981445], 5.170968791127156]
5498.png	[[15.780204772949219, 18.481613159179688], 12.99168664561023]
5508.png	[[16.420455932617188, 19.356687545776367], 19.479574097417768]
5518.png	[[8.824178695678711, 9.627878189086914], 30.107655550329223]
5528.png	[[1.2094048261642456, 1.2235221862792969], 28.16617663897537]
5538.png	[[-0.184958815574646, -0.18463295698165894], 28.783678462905357]
5548.png	[[0.0, 0.0], 28.88180473283518]
5558.png	[[0.0, 0.0], 28.829331585292948]
5568.png	[[0.0, 0.0], 28.703184445226263]
5578.png	[[0.0, 0.0], 28.8454487045601]
5588.png	[[0.0, 0.0], 28.7489312248842]
5598.png	[[0.0, 0.0], 28.869968566632533]
5608.png	[[-0.010798981413245201, -0.010797868482768536], 28.733042408945884]
5618.png	[[0.027033941820263863, 0.027040919288992882], 28.82354034316368]
5628.png	[[0.037815339863300323, 0.03782898932695389], 28.709604888483252]
5638.png	[[0.010803132317960262, 0.010804246179759502], 28.821035653245232]
5648.png	[[0.0, 0.0], 28.725838690579927]
5658.png	[[-0.010804321616888046, -0.010803207755088806], 28.820568484290188]
5668.png	[[0.0, 0.0], 28.812488717949893]
5678.png	[[0.0, 0.0], 28.789935245895148]
5688.png	[[0.0, 0.0], 28.800679688054263]
5698.png	[[0.0, 0.0], 28.805186966332116]
5708.png	[[0.0, 0.0], 28.801832634904542]
5718.png	[[0.0, 0.0], 28.800940232253144]
5728.png	[[0.0, 0.0], 28.794723058889954]
5738.png	[[0.0, 0.0], 28.79861289407459]
5748.png	[[0.015278153121471405, 0.01528038177639246], 28.804949921152375]
5758.png	[[-0.03784799203276634, -0.03783433139324188], 28.80081489784425]
5768.png	[[0.0, 0.0], 28.797482919303622]
5778.png	[[0.0, 0.0], 28.83740561287435]
5788.png	[[0.0, 0.0], 28.80357916702041]
5798.png	[[0.0, 0.0], 28.780024830066907]
5808.png	[[0.0, 0.0], 28.7795622306892]
5818.png	[[0.0, 0.0], 28.786518838076145]
5828.png	[[0.0, 0.0], 28.767203393284145]
5838.png	[[0.0, 0.0], 28.77301495276407]
5848.png	[[0.0, 0.0], 28.77023161695664]
5858.png	[[0.0, 0.0], 28.76001073202951]
5868.png	[[0.0, 0.0], 28.76146046980869]
5878.png	[[0.0, 0.0], 28.74544519412367]
5888.png	[[0.0, 0.0], 28.752749001128308]
5898.png	[[0.0, 0.0], 28.747805267351897]
5908.png	[[0.0, 0.0], 28.737727893756553]
5918.png	[[0.0, 0.0], 28.739458084079637]
5928.png	[[0.0, 0.0], 28.731612521671412]
5938.png	[[0.0, 0.0], 28.739123107746952]
5948.png	[[0.0, 0.0], 28.736743499437043]
5958.png	[[0.0, 0.0], 28.73947272272067]
5968.png	[[0.0, 0.0], 28.730342329559036]
5978.png	[[0.0, 0.0], 28.725503696866998]
5988.png	[[0.0, 0.0], 28.726703962259638]
5998.png	[[0.0, 0.0], 28.727936795810397]
6008.png	[[0.0, 0.0], 28.727562585796537]
6018.png	[[0.0, 0.0], 28.727274171115123]
6028.png	[[0.0, 0.0], 28.727356612059197]
6038.png	[[0.0, 0.0], 28.727443609245274]
6048.png	[[0.0, 0.0], 28.727409860720858]
6058.png	[[0.0, 0.0], 28.72736342512918]
6068.png	[[0.0, 0.0], 28.72737726465175]
6078.png	[[0.0, 0.0], 28.727377224128805]
6088.png	[[0.0, 0.0], 28.72735045740882]
6098.png	[[0.0, 0.0], 28.727306735749792]
6108.png	[[0.0, 0.0], 28.727319888736723]
6118.png	[[-0.037856318056583405, -0.03784264624118805], 28.727352523968797]
6128.png	[[0.03784264624118805, 0.037856318056583405], 28.727342402549045]
6138.png	[[0.0, 0.0], 28.727329368642298]
6148.png	[[0.0, 0.0], 28.72732400058898]
6158.png	[[0.037812910974025726, 0.03782656043767929], 28.827297137549024]
6168.png	[[0.037848301231861115, 0.03786197304725647], 28.652989470779684]
6178.png	[[-0.010814527049660683, -0.010813411325216293], 28.43293504492684]
6188.png	[[0.0, 0.0], 27.846489294130773]
6198.png	[[0.0, 0.0], 26.979907092555482]
6208.png	[[0.0, 0.0], 25.688322667129064]
6218.png	[[0.0, 0.0], 24.82422698455908]
6228.png	[[0.0, 0.0], 23.858611225319137]
6238.png	[[0.0, 0.0], 22.75157816839171]
6248.png	[[0.0, 0.0], 21.813443043755882]
6258.png	[[0.0, 0.0], 14.622327358412624]
6268.png	[[0.08700736612081528, 0.08707966655492783], 0.02762557993977022]
6278.png	[[0.0, 0.0], 0.027736294845702118]
6288.png	[[0.6435961723327637, 0.6475728154182434], 0.02798516009152436]
6298.png	[[0.8038119077682495, 0.8100243210792542], 0.02885346447776486]
6308.png	[[1.0781875848770142, 1.0893940925598145], 0.029995725611510933]
6318.png	[[8.22830581665039, 8.923739433288574], 0.028148890715865998]
6328.png	[[8.228468894958496, 8.923932075500488], 0.001467501651492786]
6338.png	[[8.228468894958496, 8.923932075500488], 9.205168787143949e-05]
6348.png	[[8.228468894958496, 8.923932075500488], 4.5041752858376624e-05]
6358.png	[[8.228468894958496, 8.923932075500488], 4.508743411482926e-05]
6368.png	[[8.228468894958496, 8.923932075500488], 4.508051354110988e-05]
6378.png	[[8.228468894958496, 8.923932075500488], 4.498629739444063e-05]
6388.png	[[8.228468894958496, 8.923932075500488], 4.5017701494343604e-05]
6398.png	[[8.228470802307129, 8.923934936523438], 4.3518007303172775e-05]
6408.png	[[8.228468894958496, 8.923932075500488], 4.5075988264863185e-05]
6418.png	[[8.228468894958496, 8.923932075500488], 4.510593607994835e-05]
6428.png	[[8.228468894958496, 8.923932075500488], 4.4987166369241654e-05]
6438.png	[[8.228468894958496, 8.923932075500488], 4.500105765502053e-05]
6448.png	[[8.228468894958496, 8.923932075500488], 4.5019738800186126e-05]
6458.png	[[8.228468894958496, 8.923932075500488], 4.5060927434309504e-05]
6468.png	[[8.228468894958496, 8.923932075500488], 4.501724443608255e-05]
6478.png	[[8.228468894958496, 8.923932075500488], 4.503159761562011e-05]
6488.png	[[8.228468894958496, 8.923932075500488], 4.501515892648099e-05]
6498.png	[[8.228468894958496, 8.923932075500488], 4.501769345063338e-05]
6508.png	[[8.228468894958496, 8.923932075500488], 4.5050454353067164e-05]
6518.png	[[8.228468894958496, 8.923932075500488], 4.505430717429748e-05]
6528.png	[[8.228468894958496, 8.923932075500488], 4.496247649833189e-05]
6538.png	[[8.228468894958496, 8.923932075500488], 4.498992858339298e-05]
6548.png	[[8.228468894958496, 8.923932075500488], 4.501232385021344e-05]
6558.png	[[8.228468894958496, 8.923932075500488], 4.504015237049258e-05]
6568.png	[[8.228468894958496, 8.923932075500488], 4.4903407532949065e-05]
6578.png	[[8.228468894958496, 8.923932075500488], 4.496190893379902e-05]
6588.png	[[8.228468894958496, 8.923932075500488], 4.496577531434448e-05]
6598.png	[[8.228468894958496, 8.923932075500488], 4.511405079272177e-05]
6608.png	[[8.228470802307129, 8.923934936523438], 4.351633746655705e-05]
6618.png	[[8.228468894958496, 8.923932075500488], 4.502611999351243e-05]
6628.png	[[8.228468894958496, 8.923932075500488], 4.5025569991716915e-05]
6638.png	[[7.467350006103516, 8.03649616241455], 4.1961108568675085]
6648.png	[[10.209792137145996, 11.297591209411621], 11.206421524057731]
6658.png	[[20.638328552246094, 25.37523078918457], 19.118809681342476]
6668.png	[[23.23326873779297, 29.289796829223633], 26.66036786378059]
6678.png	[[16.015727996826172, 18.80232810974121], 28.576827081981634]
6688.png	[[0.6874785423278809, 0.6920177936553955], 29.077864436883075]
6698.png	[[-19.419963836669922, -16.466459274291992], 7.170724648717503]
6708.png	[[-9.013708114624023, -8.304832458496094], 17.098619239960307]
6718.png	[[0.8141946196556091, 0.8205692172050476], 20.194394624266735]
6728.png	[[-0.19005656242370605, -0.1897125244140625], 29.571833259424753]
6738.png	[[0.02488712966442108, 0.02489304356276989], 29.330560628250204]
6748.png	[[0.010811235755681992, 0.010812351480126381], 28.46275699668556]
6758.png	[[0.04297157749533653, 0.042989201843738556], 28.436325408069866]
6768.png	[[0.015275458805263042, 0.015277686528861523], 28.72353094091552]
6778.png	[[0.03821823000907898, 0.03823217377066612], 28.780907202888518]
6788.png	[[0.0, 0.0], 28.75368555780402]
6798.png	[[0.0, 0.0], 28.66537150080974]
6808.png	[[0.01870747096836567, 0.01871081255376339], 28.740532796865953]
6818.png	[[-0.02160407416522503, -0.021599620580673218], 28.760354503610674]
6828.png	[[-0.019128242507576942, -0.019124751910567284], 28.75802022899911]
6838.png	[[0.0, 0.0], 28.769296449769126]
6848.png	[[0.0, 0.0], 28.777514932798788]
6858.png	[[-0.018708374351263046, -0.018705034628510475], 28.787921159122366]
6868.png	[[0.018705841153860092, 0.018709180876612663], 28.77011547781936]
6878.png	[[-0.021602502092719078, -0.021598046645522118], 28.78773628937314]
6888.png	[[0.0, 0.0], 28.79629308557594]
6898.png	[[-0.03783299773931503, -0.03781934082508087], 28.80387530087996]
6908.png	[[0.024149833247065544, 0.024155400693416595], 28.745822747533847]
6918.png	[[0.022562172263860703, 0.022567031905055046], 28.804899547866277]
6928.png	[[0.010803787969052792, 0.010804902762174606], 28.80662984690915]
6938.png	[[-0.010805515572428703, -0.010804400779306889], 28.786940870991177]
6948.png	[[0.0, 0.0], 28.788530915503124]
6958.png	[[0.0, 0.0], 28.79342114905055]
6968.png	[[0.0, 0.0], 28.792561630527732]
6978.png	[[0.0, 0.0], 28.791322284661685]
6988.png	[[0.0, 0.0], 28.791619044848044]
6998.png	[[0.0, 0.0], 28.791882701580633]
7008.png	[[0.037835463881492615, 0.03784912824630737], 28.79172062199728]
7018.png	[[0.03781309723854065, 0.037826742976903915], 28.703276398684864]
7028.png	[[0.0, 0.0], 28.762614294196673]
7038.png	[[0.0, 0.0], 28.849204114647865]
7048.png	[[-0.054748110473155975, -0.05471952632069588], 28.80505994276791]
7058.png	[[0.0, 0.0], 28.481002649542415]
7068.png	[[0.015312529169023037, 0.015314767137169838], 27.80418559722274]
7078.png	[[0.0, 0.0], 27.031878490219782]
7088.png	[[0.0381506122648716, 0.03816450759768486], 25.67731276194274]
7098.png	[[0.0, 0.0], 24.838904226212215]
7108.png	[[0.07666721194982529, 0.07672334462404251], 23.854181617254337]
7118.png	[[0.04466273635625839, 0.04468177631497383], 22.723609756344803]
7128.png	[[0.0, 0.0], 21.492725057165707]
7138.png	[[-1.0169076919555664, -1.0071361064910889], 0.03133847775142604]
7148.png	[[0.0, 0.0], 0.036361118094763896]
7158.png	[[0.0, 0.0], 0.036637876620484434]
7168.png	[[0.0, 0.0], 0.03589474482757079]
7178.png	[[0.7964009642601013, 0.8024988770484924], 0.03423054886444592]
7188.png	[[1.0317273139953613, 1.0419842004776], 0.03483309654854351]
7198.png	[[3.6847801208496094, 3.8188600540161133], 0.03874468400839946]
7208.png	[[3.684781312942505, 3.818861484527588], 0.002067047497207336]
7218.png	[[3.6846656799316406, 3.818737268447876], 0.00011389891371660233]
7228.png	[[3.6846656799316406, 3.818737268447876], 3.937022088190241e-05]
7238.png	[[3.585009813308716, 3.7118122577667236], 2.144338031491133]
7248.png	[[2.6485068798065186, 2.7171239852905273], 7.967089798582557]
7258.png	[[7.722201824188232, 8.332157135009766], 17.35543789639556]
7268.png	[[8.596132278442383, 9.357418060302734], 21.45000770975624]
7278.png	[[19.951168060302734, 24.36507225036621], 28.641043497052646]
7288.png	[[21.99127197265625, 27.39682388305664], 29.169617841861445]
7298.png	[[2.3894054889678955, 2.4451205730438232], 28.705592229232288]
7308.png	[[0.05543915182352066, 0.055468492209911346], 28.862879191477322]
7318.png	[[-0.047087475657463074, -0.047066327184438705], 28.829259889220335]
7328.png	[[0.03784184157848358, 0.03785550594329834], 28.7405479186234]
7338.png	[[-0.03785714879631996, -0.037843476980924606], 28.718045188255008]
7348.png	[[0.010805084370076656, 0.010806198231875896], 28.763568405141264]
7358.png	[[0.0, 0.0], 28.765258364980372]
7368.png	[[0.0, 0.0], 28.75297912050438]
7378.png	[[0.0, 0.0], 28.753462712510057]
7388.png	[[0.010805347934365273, 0.010806461796164513], 28.756675195471036]
7398.png	[[0.010805363766849041, 0.010806478559970856], 28.75629924017882]
7408.png	[[0.0, 0.0], 28.75551677499949]
7418.png	[[0.027039671316742897, 0.027046652510762215], 28.755678045740453]
7428.png	[[0.022565584629774094, 0.022570446133613586], 28.75584805443606]
7438.png	[[0.022565588355064392, 0.022570447996258736], 28.755803772976787]
7448.png	[[3.313438892364502, 3.4214911460876465], 28.721287105573744]
7458.png	[[0.4758124053478241, 0.4779824912548065], 28.896058493880442]
7468.png	[[1.1169285774230957, 1.1289591789245605], 28.832444535484065]
7478.png	[[1.770276427268982, 1.8006834983825684], 28.771111956222786]
7488.png	[[7.990123748779297, 8.64459228515625], 28.74052111797298]
7498.png	[[6.23357629776001, 6.626047611236572], 28.925943839648983]
7508.png	[[6.389210224151611, 6.802076816558838], 29.28295927725488]
7518.png	[[6.8617167472839355, 7.339835166931152], 27.787660971923554]
7528.png	[[8.181604385375977, 8.868902206420898], 33.95378819726505]
7538.png	[[3.104717493057251, 3.199404716491699], 26.894579531903265]
7548.png	[[7.26572847366333, 7.803644180297852], 21.668306912505]
7558.png	[[0.18159742653369904, 0.1819126456975937], 33.58313310348531]
7568.png	[[17.552236557006836, 20.928585052490234], 21.222526126387372]
7578.png	[[16.27044105529785, 19.15073585510254], 20.849999767525045]
7588.png	[[-6.447016716003418, -6.074795246124268], 33.424985688169514]
7598.png	[[1.7429673671722412, 1.772436261177063], 27.29903316651337]
7608.png	[[17.097158432006836, 20.292709350585938], 21.564695580997963]
7618.png	[[12.90715503692627, 14.680705070495605], 31.89415468459598]
7628.png	[[-14.613970756530762, -12.855286598205566], 26.136474665104814]
7638.png	[[2.5388762950897217, 2.6018667221069336], 22.18129133446018]
7648.png	[[10.405526161193848, 11.537147521972656], 33.433067154624]
7658.png	[[11.56808090209961, 12.979028701782227], 26.630341556505154]
7668.png	[[-1.7093284130096436, -1.6819039583206177], 22.15484444935929]
7678.png	[[14.785845756530762, 17.142850875854492], 31.55549967073302]
7688.png	[[8.92557430267334, 9.748525619506836], 26.291632768387434]
7698.png	[[-11.3942289352417, -10.288843154907227], 21.67179498576138]
7708.png	[[1.4500478506088257, 1.4703881740570068], 33.47060009745668]
7718.png	[[13.94819164276123, 16.034210205078125], 27.202829599168176]
7728.png	[[-1.609173059463501, -1.5848445892333984], 22.332224788753145]
7738.png	[[12.599024772644043, 14.285233497619629], 33.227329776191645]
7748.png	[[-2.8702547550201416, -2.7938003540039062], 26.98325817218498]
7758.png	[[-1.0802937746047974, -1.0692729949951172], 22.432106981352437]
7768.png	[[0.5538893342018127, 0.5568321347236633], 33.65786529001841]
7778.png	[[0.08254637569189072, 0.08261144161224365], 27.852163742036282]
7788.png	[[-0.027493314817547798, -0.027486102655529976], 23.06558817418094]
7798.png	[[-0.010630744509398937, -0.010629666037857533], 34.31314007357243]
7808.png	[[0.0, 0.0], 27.10047473433944]
7818.png	[[-0.03852338716387749, -0.03850923106074333], 22.161100057350293]
7828.png	[[0.03729693219065666, 0.03731020912528038], 33.63502405411151]
7838.png	[[0.0, 0.0], 26.881761874913092]
7848.png	[[0.02787202037870884, 0.027879437431693077], 19.134313662308116]
7858.png	[[0.0, 0.0], 26.5229843715927]
7868.png	[[0.0, 0.0], 23.276595470119773]
7878.png	[[0.0, 0.0], 19.847581394458334]
7888.png	[[-0.274791955947876, -0.27407336235046387], 29.567945820318872]
7898.png	[[-0.03825146332383156, -0.03823750466108322], 24.776571433540962]
7908.png	[[0.29239556193351746, 0.2932136356830597], 19.260343741890004]
7918.png	[[-0.028629297390580177, -0.028621476143598557], 13.369551350849777]
7928.png	[[0.08088003098964691, 0.08094249665737152], 0.03144926803892691]
7938.png	[[-0.04308917373418808, -0.04307146370410919], 0.031972430750635814]
7948.png	[[0.04259796813130379, 0.04261528700590134], 4.251079394030674]
7958.png	[[0.0, 0.0], 11.368926434875988]
7968.png	[[0.03902072831988335, 0.039035264402627945], 19.064536728526885]
7978.png	[[-0.037815358489751816, -0.03780171647667885], 29.224494703832704]
7988.png	[[0.0, 0.0], 27.87144417193864]
7998.png	[[0.0, 0.0], 28.975371639761097]
8008.png	[[0.0, 0.0], 28.906597920589615]
8018.png	[[0.0, 0.0], 28.666123747648935]
8028.png	[[0.01080523431301117, 0.01080634817481041], 28.75640544633037]
8038.png	[[0.0, 0.0], 28.7800355690873]
8048.png	[[0.0, 0.0], 28.75382212503079]
8058.png	[[0.01080557145178318, 0.010806686244904995], 28.749470405498652]
8068.png	[[-0.015305310487747192, -0.01530307624489069], 28.184050733263646]
8078.png	[[0.0, 0.0], 31.295138977507765]
8088.png	[[0.0, 0.0], 24.800883349789718]
8098.png	[[-0.03860889747738838, -0.03859467804431915], 21.771343163263335]
8108.png	[[0.0, 0.0], 33.88375607206186]
8118.png	[[0.0, 0.0], 27.001705890363485]
8128.png	[[0.0, 0.0], 22.355619148528984]
8138.png	[[0.0, 0.0], 33.5549490519239]
8148.png	[[0.0, 0.0], 27.158900610761496]
8158.png	[[0.0, 0.0], 22.56514677670719]
8168.png	[[-0.03729518875479698, -0.03728192299604416], 33.76865477730736]
8178.png	[[0.0, 0.0], 27.08801010295222]
8188.png	[[0.0, 0.0], 22.51223990467517]
8198.png	[[0.0, 0.0], 33.69934354265014]
8208.png	[[0.0, 0.0], 27.104678779447898]
8218.png	[[0.0, 0.0], 22.527009141318974]
8228.png	[[0.0, 0.0], 33.71617338438166]
8238.png	[[0.0, 0.0], 27.09986832923867]
8248.png	[[0.0, 0.0], 22.523386739103454]
8258.png	[[0.0, 0.0], 33.71152823983906]
8268.png	[[0.0, 0.0], 27.13805468710358]
8278.png	[[0.0, 0.0], 22.55620750515261]
8288.png	[[0.0, 0.0], 33.49290569644114]
8298.png	[[0.0, 0.0], 27.28662099104777]
8308.png	[[0.6805945634841919, 0.6850431561470032], 21.73154067192992]
8318.png	[[-0.7609025835990906, -0.7554181218147278], 32.816140615665184]
8328.png	[[0.37377798557281494, 0.37511584162712097], 26.9843782810282]
8338.png	[[-0.41212719678878784, -0.41051286458969116], 14.911525298886747]
8348.png	[[0.10276835411787033, 0.10286923497915268], 19.857714653110087]
8358.png	[[-0.053272463381290436, -0.05324539542198181], 30.447773823983354]
8368.png	[[0.0, 0.0], 20.863011639487386]
8378.png	[[-0.03901246562600136, -0.03899794816970825], 19.111474069583373]
8388.png	[[0.0, 0.0], 0.027983541523673237]
8398.png	[[0.0, 0.0], 0.03167435582523207]
8408.png	[[0.0, 0.0], 0.03198995110788616]
8418.png	[[0.0, 0.0], 0.032001181062683313]
8428.png	[[0.0, 0.0], 0.03200842626720079]
8438.png	[[0.0, 0.0], 0.0320070516324022]
8448.png	[[0.0, 0.0], 2.9071200371965187]
8458.png	[[-0.011727528646588326, -0.011726216413080692], 9.456104238129557]
8468.png	[[0.0, 0.0], 19.112856036503214]
8478.png	[[0.0381857305765152, 0.03819964826107025], 25.819037866595274]
8488.png	[[0.0, 0.0], 36.678093875979535]
8498.png	[[0.1283094882965088, 0.12846677005290985], 26.87994411982463]
8508.png	[[-0.20692682266235352, -0.20651903748512268], 22.466385616825985]
8518.png	[[-0.024785125628113747, -0.024779263883829117], 33.63492926276771]
8528.png	[[0.0, 0.0], 27.140842091568288]
8538.png	[[0.0667186975479126, 0.06676120311021805], 22.45652877574987]
8548.png	[[-0.0834285169839859, -0.0833621546626091], 33.63563297747991]
8558.png	[[0.0, 0.0], 27.124375648510224]
8568.png	[[0.0, 0.0], 22.5416299693182]
8578.png	[[0.0, 0.0], 33.73817891582662]
8588.png	[[0.0, 0.0], 27.09524795018126]
8598.png	[[0.0, 0.0], 22.51918305455402]
8608.png	[[0.0, 0.0], 33.706594681936956]
8618.png	[[0.0, 0.0], 27.10242264644685]
8628.png	[[0.0, 0.0], 22.525200053702225]
8638.png	[[0.0, 0.0], 33.71492253278305]
8648.png	[[0.0, 0.0], 27.091789616994156]
8658.png	[[0.0, 0.0], 22.511291878364766]
8668.png	[[0.0, 0.0], 33.68334232898474]
8678.png	[[0.0, 0.0], 27.09267256493805]
8688.png	[[0.0, 0.0], 22.21165360882551]
8698.png	[[0.0, 0.0], 33.66216326416816]
8708.png	[[0.0, 0.0], 26.718642293351735]
8718.png	[[0.0, 0.0], 22.33135350587422]
8728.png	[[0.0, 0.0], 33.52190989927966]
8738.png	[[-0.0380256250500679, -0.038011834025382996], 27.104821241999044]
8748.png	[[0.03850372135639191, 0.038517873734235764], 22.206265257535993]
8758.png	[[0.0, 0.0], 33.566920012777494]
8768.png	[[0.03801685944199562, 0.038030654191970825], 27.0581126500462]
8778.png	[[0.03851546719670296, 0.03852962702512741], 22.344338477827588]
8788.png	[[0.24580198526382446, 0.24637985229492188], 33.5567104009966]
8798.png	[[-0.11637795716524124, -0.11624886840581894], 26.665035510197477]
8808.png	[[0.06675978749990463, 0.06680233776569366], 22.23668023621112]
8818.png	[[0.0, 0.0], 33.34995760440158]
8828.png	[[0.0, 0.0], 26.732663428089023]
8838.png	[[0.05453786626458168, 0.054566264152526855], 22.092321741437576]
8848.png	[[0.0, 0.0], 33.321302842543034]
8858.png	[[-0.010859440080821514, -0.010858314111828804], 26.976872896639595]
8868.png	[[0.0, 0.0], 22.302309330269956]
8878.png	[[-0.03733808919787407, -0.03732478991150856], 33.60841833682665]
8888.png	[[0.0, 0.0], 27.258637266709947]
8898.png	[[0.077035091817379, 0.0770917609333992], 22.440993320139118]
8908.png	[[-0.06464871764183044, -0.0646088644862175], 33.50220871173718]
8918.png	[[0.03801966831088066, 0.038033466786146164], 27.030896195170033]
8928.png	[[0.0, 0.0], 22.33558687711363]
8938.png	[[0.0, 0.0], 33.39844865403174]
8948.png	[[0.0, 0.0], 27.07324457194901]
8958.png	[[0.0, 0.0], 22.372416096638855]
8968.png	[[0.0, 0.0], 33.44227006995539]
8978.png	[[0.0, 0.0], 27.055452458779374]
8988.png	[[0.011005823500454426, 0.011006980203092098], 22.354216908700234]
8998.png	[[0.0, 0.0], 33.42062097526936]
9008.png	[[-0.010856921784579754, -0.010855796746909618], 27.063776625522614]
9018.png	[[0.0, 0.0], 22.36101683065792]
9028.png	[[0.0, 0.0], 33.431564538007045]
9038.png	[[0.0, 0.0], 27.06061257297758]
9048.png	[[-0.23591579496860504, -0.23538590967655182], 22.265602975739817]
9058.png	[[1.877015471458435, 1.911233901977539], 33.53708297397599]
9068.png	[[0.6150426864624023, 0.6186733841896057], 27.057274050918156]
9078.png	[[1.9302325248718262, 1.9664369821548462], 22.24925204701058]
9088.png	[[1.0647650957107544, 1.075692892074585], 33.507070536447614]
9098.png	[[2.682090997695923, 2.75248122215271], 27.023314233148703]
9108.png	[[4.387645244598389, 4.57896089553833], 21.735868525139598]
9118.png	[[3.4009881019592285, 3.51491641998291], 33.33853080740228]
9128.png	[[4.340661525726318, 4.527822971343994], 26.419804905357946]
9138.png	[[5.085264682769775, 5.343852519989014], 22.066855222338553]
9148.png	[[4.532039165496826, 4.736417293548584], 33.489453092940856]
9158.png	[[4.2166428565979, 4.39306640625], 27.2053080946339]
9168.png	[[-1.7157745361328125, -1.6881444454193115], 22.60260202171432]
9178.png	[[17.283939361572266, 20.55307388305664], 32.046986198323715]
9188.png	[[-1.286415457725525, -1.2708189487457275], 26.38867274547595]
9198.png	[[9.799616813659668, 10.798563957214355], 20.469480996438314]
9208.png	[[10.490556716918945, 11.641501426696777], 31.112505465095513]
9218.png	[[-6.094254493713379, -5.760468482971191], 26.235926581655104]
9228.png	[[1.8991233110427856, 1.9341598749160767], 22.16388015853679]
9238.png	[[3.506680727005005, 3.6279165744781494], 30.360725217706772]
9248.png	[[0.15394102036952972, 0.15416748821735382], 28.750106018106475]
9258.png	[[2.8973135948181152, 2.979616403579712], 28.255153011708305]
9268.png	[[0.2334458976984024, 0.23396705090999603], 28.846154984330273]
9278.png	[[2.424751043319702, 2.482145309448242], 29.053465433735454]
9288.png	[[1.716687560081482, 1.745267391204834], 28.872815607192624]
9298.png	[[2.013516426086426, 2.052942991256714], 28.836971710562274]
9308.png	[[5.553579330444336, 5.863259792327881], 28.82612765013986]
9318.png	[[2.927199602127075, 3.0112321376800537], 28.954794856077054]
9328.png	[[4.134159088134766, 4.303622722625732], 28.91323109260254]
9338.png	[[6.416821002960205, 6.833362579345703], 28.915105505265814]
9348.png	[[2.73026180267334, 2.8032355308532715], 28.94281648135199]
9358.png	[[3.9241535663604736, 4.076548099517822], 28.940156251137267]
9368.png	[[6.301714897155762, 6.703049182891846], 28.918164734696713]
9378.png	[[4.1743483543396, 4.347184181213379], 28.92750834539264]
9388.png	[[2.864078998565674, 2.9444799423217773], 24.019985499408524]
9398.png	[[1.940816044807434, 1.9774219989776611], 0.006044147832180571]
9408.png	[[5.651947021484375, 5.972971439361572], 3.351070033408852]
9418.png	[[3.8529038429260254, 3.999721050262451], 9.688484380316304]
9428.png	[[2.716235399246216, 2.788451910018921], 19.12770507105828]
9438.png	[[2.121920585632324, 2.1657512187957764], 26.815975995310243]
9448.png	[[3.265312671661377, 3.3702025413513184], 28.22362327659312]
9458.png	[[4.492659091949463, 4.693430423736572], 29.26603553170673]
9468.png	[[2.1499946117401123, 2.1950042247772217], 29.08389423330488]
9478.png	[[1.1946860551834106, 1.2084602117538452], 28.77511649534753]
9488.png	[[4.940446853637695, 5.184203147888184], 27.551954389344353]
9498.png	[[0.3169049918651581, 0.31786617636680603], 28.44322661415496]
9508.png	[[3.205780029296875, 3.3068253993988037], 29.358068452783435]
9518.png	[[0.23106397688388824, 0.23157456517219543], 28.98703656010517]
9528.png	[[2.5519206523895264, 2.615567922592163], 28.827671493431875]
9538.png	[[1.237305760383606, 1.2520860433578491], 28.923770931952877]
9548.png	[[1.8239333629608154, 1.856227993965149], 28.86492864657605]
9558.png	[[1.229128360748291, 1.2437126636505127], 28.80474136253115]
9568.png	[[0.9101601243019104, 0.9181331992149353], 28.80341612757365]
9578.png	[[0.42789945006370544, 0.42965373396873474], 28.793372922530093]
9588.png	[[0.0, 0.0], 28.800657808463587]
9598.png	[[0.0, 0.0], 28.853251625390303]
9608.png	[[0.0, 0.0], 28.649048933167933]
9618.png	[[-0.05351124331355095, -0.05348393693566322], 28.599296755922634]
9628.png	[[-0.03781765326857567, -0.0378040112555027], 28.968438913730512]
9638.png	[[0.0, 0.0], 29.025967430039675]
9648.png	[[0.0, 0.0], 29.00415856172671]
9658.png	[[0.0, 0.0], 29.10873611915398]
9668.png	[[-0.03779785335063934, -0.03778422623872757], 28.98989793819197]
9678.png	[[0.0, 0.0], 29.03547852758985]
9688.png	[[0.0, 0.0], 28.90585304713979]
9698.png	[[0.0, 0.0], 28.97809964480997]
9708.png	[[0.14064379036426544, 0.1408327966928482], 28.747833385615333]
9718.png	[[0.01869989186525345, 0.01870322786271572], 28.866151210768123]
9728.png	[[-0.03781780228018761, -0.03780416026711464], 28.936821562576192]
9738.png	[[0.0378093346953392, 0.03782297670841217], 28.888444590588428]
9748.png	[[0.010796601884067059, 0.010797714814543724], 28.891412499164417]
9758.png	[[0.0, 0.0], 28.90130370721917]
9768.png	[[0.0, 0.0], 28.862945144158008]
9778.png	[[0.03780969977378845, 0.03782334923744202], 28.88749086162201]
9788.png	[[0.0, 0.0], 28.832120007868326]
9798.png	[[-0.010798903182148933, -0.010797789320349693], 28.861515362131485]
9808.png	[[0.010799800045788288, 0.010800913907587528], 28.803833745783123]
9818.png	[[0.0, 0.0], 28.792530740841137]
9828.png	[[0.0, 0.0], 28.688872704629375]
9838.png	[[0.0, 0.0], 28.782283019380458]
9848.png	[[0.0, 0.0], 28.784416496944363]
9858.png	[[0.0, 0.0], 28.746599115535385]
9868.png	[[0.0, 0.0], 28.74885831554448]
9878.png	[[0.0, 0.0], 28.75873969529808]
9888.png	[[0.0, 0.0], 28.757384982458248]
9898.png	[[0.0, 0.0], 28.754858672273382]
9908.png	[[0.0, 0.0], 28.755415019144962]
9918.png	[[0.0, 0.0], 28.756041610666884]
9928.png	[[0.0, 0.0], 28.755852033275996]
9938.png	[[-0.010806496255099773, -0.010805381461977959], 28.755696993096713]
9948.png	[[0.0, 0.0], 28.75574352399388]
9958.png	[[0.010805378668010235, 0.01080649346113205], 28.755763829578363]
9968.png	[[0.0, 0.0], 28.755747636990463]
9978.png	[[0.0, 0.0], 28.755754872764122]
9988.png	[[0.0, 0.0], 28.75577211176545]
9998.png	[[0.0, 0.0], 28.75576687397366]
