8.png	[[0.0, 0.0], 3.5280002832412722]
18.png	[[-0.030787913128733635, -0.03077886812388897], 0.08488150164509446]
28.png	[[-0.049288131296634674, -0.04926495999097824], 8.326334027865357]
38.png	[[0.0, 0.0], 17.82766924279536]
48.png	[[0.0, 0.0], 22.88564702890967]
58.png	[[0.037779346108436584, 0.03779296949505806], 28.906909659639414]
68.png	[[0.0, 0.0], 29.609886270106106]
78.png	[[0.0, 0.0], 28.608093163325957]
88.png	[[0.0, 0.0], 28.509635122980114]
98.png	[[0.0, 0.0], 28.821545620371566]
108.png	[[0.0, 0.0], 28.817428189390785]
118.png	[[0.0, 0.0], 28.733741550277543]
128.png	[[0.0, 0.0], 28.740916989698135]
138.png	[[0.0, 0.0], 28.76291280083185]
148.png	[[0.0, 0.0], 28.759197254472294]
158.png	[[0.0, 0.0], 28.75360468112651]
168.png	[[0.0, 0.0], 28.75500779128368]
178.png	[[0.0, 0.0], 28.756394713022974]
188.png	[[0.0, 0.0], 28.75592884834182]
198.png	[[0.0, 0.0], 28.755588030380853]
208.png	[[0.0, 0.0], 28.755732216297634]
218.png	[[0.0, 0.0], 28.755815627465335]
228.png	[[0.0, 0.0], 28.755788001275256]
238.png	[[0.03783946856856346, 0.03785313665866852], 28.755753836294538]
248.png	[[0.0, 0.0], 28.755760569089137]
258.png	[[0.0, 0.0], 28.755772594523947]
268.png	[[0.0, 0.0], 28.755776798606288]
278.png	[[0.0, 0.0], 28.69205050180831]
288.png	[[0.0, 0.0], 28.805209314380132]
298.png	[[0.0, 0.0], 28.769202443246623]
308.png	[[-0.03785473853349686, -0.0378410704433918], 28.741623756844017]
318.png	[[0.0, 0.0], 28.753294760701856]
328.png	[[0.0, 0.0], 28.759719956920158]
338.png	[[0.0, 0.0], 28.756126219755462]
348.png	[[-0.010806361213326454, -0.01080524642020464], 28.768695241611532]
358.png	[[0.0, 0.0], 35.202468420360475]
368.png	[[0.0, 0.0], 44.58120281452902]
378.png	[[0.0, 0.0], 51.59558329920773]
388.png	[[0.0, 0.0], 57.33487339221684]
398.png	[[-0.004888435825705528, -0.0048882076516747475], 62.942203665755365]
408.png	[[0.0, 0.0], 68.46199815993248]
418.png	[[0.0, 0.0], 73.03895535392532]
428.png	[[0.0, 0.0], 76.96588196578345]
438.png	[[0.0, 0.0], 80.6534300696712]
448.png	[[0.0, 0.0], 84.34115624308484]
458.png	[[0.0, 0.0], 87.69495137085995]
468.png	[[0.0, 0.0], 87.94206334879019]
478.png	[[0.0, 0.0], 87.84759902686561]
488.png	[[0.011604937724769115, 0.011606222949922085], 87.85803546407055]
498.png	[[0.004631848074495792, 0.004632052965462208], 87.85806258455811]
508.png	[[0.0, 0.0], 87.85783750904746]
518.png	[[-0.016238277778029442, -0.01623576320707798], 87.85785417686634]
528.png	[[0.004631850402802229, 0.004632055293768644], 87.85786598079778]
538.png	[[0.0, 0.0], 87.85785239610605]
548.png	[[0.0, 0.0], 87.85785256621475]
558.png	[[0.0, 0.0], 87.85785013309001]
568.png	[[0.0, 0.0], 87.85785102420081]
578.png	[[0.0, 0.0], 87.85784826076515]
588.png	[[0.0, 0.0], 87.85785047292933]
598.png	[[-0.004632055293768644, -0.004631850402802229], 87.85785239630928]
608.png	[[0.0, 0.0], 79.87003400933803]
618.png	[[0.0, 0.0], 68.1363271900852]
628.png	[[0.0, 0.0], 58.81200313938379]
638.png	[[0.014017767272889614, 0.01401964295655489], 57.65646539332307]
648.png	[[0.0, 0.0], 57.852130603751725]
658.png	[[0.0, 0.0], 57.82905513153477]
668.png	[[0.0, 0.0], 57.83077698605262]
678.png	[[0.0, 0.0], 57.83078147462157]
688.png	[[0.034693580120801926, 0.03470506891608238], 57.830763523442734]
698.png	[[0.009906831197440624, 0.009907767176628113], 57.83075500044306]
708.png	[[0.0, 0.0], 57.83076225783089]
718.png	[[0.0, 0.0], 57.83076051198444]
728.png	[[0.0, 0.0], 57.8307581236153]
738.png	[[-0.009907767176628113, -0.009906831197440624], 57.83075352414013]
748.png	[[0.0, 0.0], 57.830765804599096]
758.png	[[0.049057409167289734, 0.04908037930727005], 57.83075047215607]
768.png	[[0.0, 0.0], 57.830772237579204]
778.png	[[0.0, 0.0], 57.830767134793824]
788.png	[[-0.03470506891608238, -0.034693580120801926], 57.830754660352646]
798.png	[[0.0, 0.0], 57.83074730429989]
808.png	[[0.0, 0.0], 57.83076605763004]
818.png	[[-0.009907768107950687, -0.009906831197440624], 57.83074687914238]
828.png	[[-0.04908037930727005, -0.049057409167289734], 57.830755965678236]
838.png	[[0.0, 0.0], 57.83075885747146]
848.png	[[0.0, 0.0], 49.16168530326777]
858.png	[[0.0, 0.0], 37.876885449935116]
868.png	[[0.0, 0.0], 37.10119885537096]
878.png	[[0.0, 0.0], 39.11883168324691]
888.png	[[0.0, 0.0], 38.59324665771128]
898.png	[[0.0, 0.0], 38.60444982083865]
908.png	[[0.03675810620188713, 0.036771003156900406], 38.578546730364955]
918.png	[[-0.03678078204393387, -0.036767881363630295], 38.63876394551378]
928.png	[[0.0, 0.0], 38.56809925563925]
938.png	[[0.0, 0.0], 38.64079741578544]
948.png	[[0.0, 0.0], 38.56784704220449]
958.png	[[0.0, 0.0], 38.640788780093395]
968.png	[[0.0, 0.0], 38.56785515161291]
978.png	[[0.0, 0.0], 38.640789339056724]
988.png	[[0.0, 0.0], 38.5678567621934]
998.png	[[0.0, 0.0], 38.64079604009278]
1008.png	[[0.0, 0.0], 38.56785667270478]
1018.png	[[-0.010500287637114525, -0.010499236173927784], 38.640779001522034]
1028.png	[[0.0, 0.0], 38.567866141726334]
1038.png	[[0.03676764667034149, 0.036780551075935364], 38.64078075504451]
1048.png	[[0.0, 0.0], 38.56786045990156]
1058.png	[[0.0, 0.0], 38.640788782434356]
1068.png	[[0.0, 0.0], 38.56786201876517]
1078.png	[[0.0, 0.0], 38.64078246579824]
1088.png	[[0.0, 0.0], 38.567863630847754]
1098.png	[[0.0, 0.0], 38.640789176970806]
1108.png	[[0.0, 0.0], 38.56786354198129]
1118.png	[[-0.010500287637114525, -0.010499236173927784], 38.640782428078964]
1128.png	[[0.0, 0.0], 38.567862710752934]
1138.png	[[0.03676764667034149, 0.036780551075935364], 38.640780756323]
1148.png	[[0.0, 0.0], 38.56786389155496]
1158.png	[[0.0, 0.0], 38.36649112291956]
1168.png	[[0.03687525540590286, 0.036888230592012405], 37.40329823775393]
1178.png	[[0.0, 0.0], 35.026304939967]
1188.png	[[0.0, 0.0], 34.15313842640767]
1198.png	[[0.0, 0.0], 34.20237975601805]
1208.png	[[0.0, 0.0], 31.878697586682208]
1218.png	[[0.0, 0.0], 31.701722883002223]
1228.png	[[0.0, 0.0], 29.747223126605018]
1238.png	[[0.0, 0.0], 28.975188322374947]
1248.png	[[0.0, 0.0], 27.356961933593016]
1258.png	[[0.0, 0.0], 26.474051140950348]
1268.png	[[0.0, 0.0], 24.633217112986078]
1278.png	[[0.0, 0.0], 0.027711488951851986]
1288.png	[[0.0, 0.0], 0.031652776434846305]
1298.png	[[0.0, 0.0], 0.03199077815456103]
1308.png	[[0.0, 0.0], 0.032005543028635654]
1318.png	[[0.0, 0.0], 0.0320058848718787]
1328.png	[[-0.8637127876281738, -0.8566532135009766], 0.032006743177827625]
1338.png	[[-1.0967655181884766, -1.0854077339172363], 0.032006230206313546]
1348.png	[[-1.50138258934021, -1.4801820516586304], 0.03200571388075414]
1358.png	[[-10.069985389709473, -9.194758415222168], 0.032009800896870055]
1368.png	[[-10.069985389709473, -9.194758415222168], 0.0017108459305711606]
1378.png	[[-10.069985389709473, -9.194758415222168], 9.667976125241054e-05]
1388.png	[[-10.069985389709473, -9.194758415222168], 3.9482208711198574e-06]
1398.png	[[-10.069985389709473, -9.194758415222168], 5.3591835073971524e-06]
1408.png	[[-10.069985389709473, -9.194758415222168], 4.257695755193601e-06]
1418.png	[[-10.069985389709473, -9.194758415222168], 1.7902062580930109e-06]
1428.png	[[-10.069985389709473, -9.194758415222168], 2.1287961208643486e-06]
1438.png	[[-10.069985389709473, -9.194758415222168], 3.05670714054989e-06]
1448.png	[[-10.069985389709473, -9.194758415222168], 8.239763058931432e-07]
1458.png	[[-10.069985389709473, -9.194758415222168], 1.4763352673172713e-06]
1468.png	[[-10.069985389709473, -9.194758415222168], 1.5107223207472767e-06]
1478.png	[[-10.069985389709473, -9.194758415222168], 1.99140141911045e-06]
1488.png	[[-10.069985389709473, -9.194758415222168], 3.6549893239839356e-06]
1498.png	[[-9.142091751098633, -8.413836479187012], 4.0285565861454025]
1508.png	[[-5.767680644989014, -5.467726707458496], 11.381180264571036]
1518.png	[[-7.165335178375244, -6.708874225616455], 18.82259410441178]
1528.png	[[-8.325508117675781, -7.716485023498535], 28.624335671510345]
1538.png	[[-12.052371978759766, -10.82397747039795], 36.011778139079155]
1548.png	[[-7.315724849700928, -6.840626239776611], 38.60351704969085]
1558.png	[[-6.126160621643066, -5.788978576660156], 39.200353509354464]
1568.png	[[-7.150452136993408, -6.695816993713379], 45.23234623442094]
1578.png	[[-3.3934621810913086, -3.2871439456939697], 51.3592207708523]
1588.png	[[-0.6764867901802063, -0.6721482872962952], 57.07040683430829]
1598.png	[[-2.395752429962158, -2.342238664627075], 57.92571598256038]
1608.png	[[-2.2804646492004395, -2.2319228649139404], 57.678607496310725]
1618.png	[[-3.6758341789245605, -3.5514333248138428], 57.67015653217693]
1628.png	[[-5.239400386810303, -4.990562915802002], 57.67238768786697]
1638.png	[[-2.8531932830810547, -2.77763295173645], 57.68886948797368]
1648.png	[[-3.828178644180298, -3.6934561729431152], 57.72415807405872]
1658.png	[[-5.17948579788208, -4.936160564422607], 57.64456586034906]
1668.png	[[-0.6177971959114075, -0.6141767501831055], 57.75952423259393]
1678.png	[[30.53411293029785, 41.04269790649414], 30.45132103367666]
1688.png	[[11.982612609863281, 13.50110912322998], 27.12180832115249]
1698.png	[[-35.06736755371094, -26.897794723510742], 32.003633842424136]
1708.png	[[-8.821425437927246, -8.141136169433594], 37.395531286207465]
1718.png	[[-2.555830478668213, -2.4950218200683594], 44.41250601477625]
1728.png	[[-2.7432334423065186, -2.673309326171875], 51.250789700345564]
1738.png	[[-2.19140362739563, -2.1465399265289307], 56.802176044649066]
1748.png	[[-3.0308258533477783, -2.9457125663757324], 57.86319751788572]
1758.png	[[-2.53707218170166, -2.477142095565796], 57.75010386347964]
1768.png	[[-0.18592941761016846, -0.185600146651268], 57.84050438797185]
1778.png	[[3.694976806640625, 3.8298120498657227], 45.95224161588343]
1788.png	[[-11.334480285644531, -10.239981651306152], 50.44080010878869]
1798.png	[[-2.115896463394165, -2.074040651321411], 55.17169267783813]
1808.png	[[-5.52331018447876, -5.247559547424316], 57.90726489675587]
1818.png	[[-0.8659565448760986, -0.8588603138923645], 57.78862037984919]
1828.png	[[-3.784633159637451, -3.6529014110565186], 54.37404025793173]
1838.png	[[-4.300763130187988, -4.131520748138428], 57.78379206715131]
1848.png	[[-0.34049245715141296, -0.3393898010253906], 57.707721543255786]
1858.png	[[0.2902396619319916, 0.2910456955432892], 57.83449454509237]
1868.png	[[0.24596400558948517, 0.24654264748096466], 57.787649427980654]
1878.png	[[0.29765433073043823, 0.2985021471977234], 57.80174908312931]
1888.png	[[0.2268141657114029, 0.227306067943573], 57.807171536866264]
1898.png	[[0.1718781292438507, 0.17216047644615173], 57.813320436437934]
1908.png	[[0.06905046850442886, 0.06909599900245667], 57.817628062560836]
1918.png	[[-0.07884521037340164, -0.07878593355417252], 57.821287683791475]
1928.png	[[0.32325229048728943, 0.3242524266242981], 57.82014292684935]
1938.png	[[0.10092654824256897, 0.1010238379240036], 57.825600990793646]
1948.png	[[0.051046647131443024, 0.051071520894765854], 57.83054470426928]
1958.png	[[0.20539380609989166, 0.20579713582992554], 57.8312852860668]
1968.png	[[0.04459380730986595, 0.04461279138922691], 57.83143558624544]
1978.png	[[-0.00990776065737009, -0.009906823746860027], 57.83093977807706]
1988.png	[[0.0, 0.0], 61.628543983227885]
1998.png	[[0.0, 0.0], 67.09783307153926]
2008.png	[[-0.0047992682084441185, -0.004799048416316509], 71.67350660391166]
2018.png	[[0.016661284491419792, 0.016663935035467148], 76.08051578129248]
2028.png	[[0.0, 0.0], 79.77470793270338]
2038.png	[[0.0, 0.0], 83.46171012160653]
2048.png	[[0.0, 0.0], 87.10483880029228]
2058.png	[[0.0, 0.0], 88.00361955059333]
2068.png	[[0.0, 0.0], 87.84868866497762]
2078.png	[[0.0, 0.0], 87.85678945089185]
2088.png	[[0.0, 0.0], 87.85821686231765]
2098.png	[[-0.011606225743889809, -0.01160494051873684], 87.8578691981354]
2108.png	[[0.0, 0.0], 87.8578521441288]
2118.png	[[0.0, 0.0], 87.85786140085675]
2128.png	[[0.0, 0.0], 87.85784615222329]
2138.png	[[0.0, 0.0], 87.85786953710245]
2148.png	[[0.0, 0.0], 87.85788453247552]
2158.png	[[0.0, 0.0], 87.85786267820627]
2168.png	[[0.0, 0.0], 87.85784452591493]
2178.png	[[0.0, 0.0], 87.85787312300299]
2188.png	[[-0.004632055293768644, -0.004631850402802229], 87.85789639897217]
2198.png	[[0.0, 0.0], 87.8578791219137]
2208.png	[[-0.016238277778029442, -0.01623576320707798], 87.85787450650125]
2218.png	[[0.0, 0.0], 87.85787610975714]
2228.png	[[0.0, 0.0], 87.85788078407084]
2238.png	[[0.0, 0.0], 87.85785731095487]
2248.png	[[0.0, 0.0], 87.85787513733612]
2258.png	[[0.004631850402802229, 0.004632055293768644], 87.85787281097303]
2268.png	[[0.004631850402802229, 0.004632055293768644], 87.85787011909827]
2278.png	[[0.0, 0.0], 87.85791143021247]
2288.png	[[-0.009687565267086029, -0.009686670266091824], 87.85788233086595]
2298.png	[[0.0065503050573170185, 0.006550714373588562], 87.85787628099628]
2308.png	[[-0.02157481573522091, -0.021570373326539993], 87.85786589870358]
2318.png	[[0.0065503050573170185, 0.006550714839249849], 87.85786832484479]
2328.png	[[-0.013700287789106369, -0.013698496855795383], 87.85781496927336]
2338.png	[[-0.01641368493437767, -0.01641111448407173], 87.85784638307855]
2348.png	[[-0.025925850495696068, -0.025919437408447266], 87.85782469432101]
2358.png	[[-0.011618226766586304, -0.011616939678788185], 87.85779633727168]
2368.png	[[-0.016779359430074692, -0.0167766734957695], 87.85782021486631]
2378.png	[[-0.018580401316285133, -0.018577106297016144], 87.85780528235397]
2388.png	[[-0.01711377687752247, -0.017110981047153473], 87.85779148955922]
2398.png	[[-0.020221298560500145, -0.020217396318912506], 87.85782196488813]
2408.png	[[0.0, 0.0], 87.85790605590633]
2418.png	[[-0.004632055293768644, -0.004631850402802229], 87.85788037989857]
2428.png	[[0.0, 0.0], 87.85786881352645]
2438.png	[[0.0, 0.0], 87.85786019861781]
2448.png	[[0.0, 0.0], 87.85785885407272]
2458.png	[[0.0, 0.0], 87.857856286622]
2468.png	[[-0.004632055293768644, -0.004631850402802229], 87.85786403411346]
2478.png	[[0.0, 0.0], 87.85786618573111]
2488.png	[[0.0, 0.0], 87.85785163841268]
2498.png	[[0.0, 0.0], 87.85785581616885]
2508.png	[[-0.004632055293768644, -0.004631850402802229], 87.85787112369309]
2518.png	[[0.0, 0.0], 87.85785334082814]
2528.png	[[-0.004632055293768644, -0.004631850402802229], 87.85786951471866]
2538.png	[[0.0, 0.0], 87.85786443221986]
2548.png	[[0.0, 0.0], 87.85787255651145]
2558.png	[[0.0, 0.0], 87.85785518395456]
2568.png	[[0.0, 0.0], 87.85785613064333]
2578.png	[[0.0, 0.0], 87.85786063656182]
2588.png	[[0.0, 0.0], 87.85786482548792]
2598.png	[[0.0, 0.0], 87.85786640916433]
2608.png	[[0.01623576320707798, 0.01623827964067459], 87.857859687544]
2618.png	[[0.0, 0.0], 87.8578489273184]
2628.png	[[-0.004632055293768644, -0.004631850402802229], 87.85786473733145]
2638.png	[[0.004631850402802229, 0.004632055293768644], 87.85790129484432]
2648.png	[[0.0, 0.0], 87.85785470367415]
2658.png	[[0.0, 0.0], 87.85785026939838]
2668.png	[[0.0, 0.0], 87.85786754967599]
2678.png	[[0.0, 0.0], 87.85785982997855]
2688.png	[[0.0, 0.0], 87.85785757588994]
2698.png	[[0.0, 0.0], 87.85786819951758]
2708.png	[[0.0, 0.0], 87.85785043936055]
2718.png	[[0.0, 0.0], 87.85785311027144]
2728.png	[[0.0, 0.0], 87.85786570257818]
2738.png	[[0.01623576320707798, 0.01623827964067459], 87.85785804085728]
2748.png	[[0.0, 0.0], 87.8578700216098]
2758.png	[[0.011604939587414265, 0.011606224812567234], 87.85786763330003]
2768.png	[[0.0, 0.0], 87.85786347905152]
2778.png	[[0.0, 0.0], 87.85785988982205]
2788.png	[[0.0, 0.0], 87.85787483385303]
2798.png	[[0.0, 0.0], 87.85785300337028]
2808.png	[[-0.004632055293768644, -0.004631850402802229], 87.85787625640958]
2818.png	[[0.0, 0.0], 87.85786624880524]
2828.png	[[0.0, 0.0], 87.8578596274438]
2838.png	[[-0.020870333537459373, -0.02086617611348629], 87.85788259006124]
2848.png	[[0.0, 0.0], 87.85785867957205]
2858.png	[[0.0, 0.0], 87.85786211869619]
2868.png	[[0.0, 0.0], 87.85784974925232]
2878.png	[[-0.01623830385506153, -0.01623578742146492], 87.85718063818253]
2888.png	[[0.0, 0.0], 87.85796139965036]
2898.png	[[0.0, 0.0], 87.85786628105734]
2908.png	[[0.0, 0.0], 87.8578662793282]
2918.png	[[0.0, 0.0], 87.85785973601982]
2928.png	[[0.0, 0.0], 87.85785747357782]
2938.png	[[-0.004632055293768644, -0.004631850402802229], 87.85787643889519]
2948.png	[[-0.018648484721779823, -0.018645167350769043], 79.87001436473686]
2958.png	[[0.006832669954746962, 0.006833116058260202], 68.13627644829573]
2968.png	[[0.09513033926486969, 0.095216765999794], 58.81189194473835]
2978.png	[[0.0, 0.0], 57.65647996750987]
2988.png	[[-0.009907099418342113, -0.009906163439154625], 57.85210770410893]
2998.png	[[0.0, 0.0], 57.8290588680353]
3008.png	[[-0.2853710651397705, -0.28459611535072327], 57.83045198803013]
3018.png	[[0.03469357267022133, 0.034705061465501785], 57.83080144073527]
3028.png	[[0.009906831197440624, 0.009907768107950687], 57.83075383199277]
3038.png	[[-0.1627812683582306, -0.16252881288528442], 57.83064493362045]
3048.png	[[0.0, 0.0], 57.83077141115149]
3058.png	[[0.0, 0.0], 57.83075726892863]
3068.png	[[0.0, 0.0], 57.83077346795021]
3078.png	[[0.0, 0.0], 57.83076235464241]
3088.png	[[0.0, 0.0], 57.830769698806485]
3098.png	[[0.0, 0.0], 57.83075886320772]
3108.png	[[0.0, 0.0], 57.83076358709116]
3118.png	[[0.0, 0.0], 57.83076059641801]
3128.png	[[0.0, 0.0], 57.830760540835975]
3138.png	[[0.0, 0.0], 57.830756411697536]
3148.png	[[-0.03470506891608238, -0.034693580120801926], 57.83075783763641]
3158.png	[[0.0, 0.0], 57.830775557635604]
3168.png	[[0.0, 0.0], 57.83076066563042]
3178.png	[[-0.03470506891608238, -0.034693580120801926], 57.830757589015654]
3188.png	[[0.0, 0.0], 57.83075901551745]
3198.png	[[0.0, 0.0], 57.83075413591743]
3208.png	[[0.0, 0.0], 57.8307615402971]
3218.png	[[0.0, 0.0], 57.830754049853105]
3228.png	[[-0.03470506891608238, -0.034693580120801926], 57.83075834412467]
3238.png	[[0.0, 0.0], 57.83076900975981]
3248.png	[[0.0, 0.0], 57.83075390577337]
3258.png	[[0.009906831197440624, 0.009907767176628113], 57.830764933559216]
3268.png	[[0.0, 0.0], 57.830767936747364]
3278.png	[[0.0, 0.0], 57.83076334228331]
3288.png	[[0.0, 0.0], 57.83076710287983]
3298.png	[[0.0, 0.0], 57.83075676633234]
3308.png	[[0.0, 0.0], 57.830759238546825]
3318.png	[[0.0, 0.0], 57.830759461623245]
3328.png	[[-0.03470506891608238, -0.034693580120801926], 57.83076458401278]
3338.png	[[0.0, 0.0], 57.83075951110825]
3348.png	[[-0.009907767176628113, -0.009906831197440624], 57.830762421287034]
3358.png	[[0.0, 0.0], 57.83076308459024]
3368.png	[[0.0, 0.0], 57.830759088433254]
3378.png	[[0.0, 0.0], 57.83076137525432]
3388.png	[[-0.03470506891608238, -0.034693580120801926], 57.830765490224444]
3398.png	[[0.034693580120801926, 0.03470506891608238], 57.83075769059437]
3408.png	[[-0.03470506891608238, -0.034693580120801926], 57.83075509231045]
3418.png	[[0.0, 0.0], 57.83076096023307]
3428.png	[[0.0, 0.0], 57.830759855915254]
3438.png	[[0.0, 0.0], 57.830759906367945]
3448.png	[[0.0, 0.0], 57.83075399103174]
3458.png	[[0.0, 0.0], 57.83075620237912]
3468.png	[[0.0, 0.0], 57.83076609728045]
3478.png	[[0.034693580120801926, 0.03470506891608238], 57.83074888171258]
3488.png	[[0.0, 0.0], 57.830762155932725]
3498.png	[[0.0, 0.0], 57.83075343910692]
3508.png	[[0.0, 0.0], 57.83076832604684]
3518.png	[[-0.009907767176628113, -0.009906831197440624], 57.83075896972733]
3528.png	[[-0.03470506891608238, -0.034693580120801926], 57.83075223876891]
3538.png	[[0.0, 0.0], 57.830755390585786]
3548.png	[[0.009906829334795475, 0.009907766245305538], 57.83076683132699]
3558.png	[[0.0, 0.0], 57.830754032433525]
3568.png	[[0.0, 0.0], 57.830765399094894]
3578.png	[[0.0, 0.0], 57.83075687930174]
3588.png	[[0.0, 0.0], 57.83076721295794]
3598.png	[[0.0, 0.0], 57.83074989097943]
3608.png	[[-0.03470506891608238, -0.034693580120801926], 57.83075782404906]
3618.png	[[-0.009907767176628113, -0.009906831197440624], 57.83075983944756]
3628.png	[[0.0, 0.0], 57.830764476954975]
3638.png	[[0.0, 0.0], 57.83075567482953]
3648.png	[[0.0, 0.0], 57.83076631060654]
3658.png	[[0.0, 0.0], 57.83075696725041]
3668.png	[[0.0, 0.0], 57.83075239787467]
3678.png	[[0.0, 0.0], 57.830754493461455]
3688.png	[[0.0, 0.0], 57.830762349514224]
3698.png	[[0.034693580120801926, 0.03470506891608238], 57.83074272637252]
3708.png	[[0.0, 0.0], 57.83077410969558]
3718.png	[[-0.009907768107950687, -0.009906831197440624], 57.83075895075617]
3728.png	[[0.0, 0.0], 57.83075203998541]
3738.png	[[0.0, 0.0], 57.83075318268746]
3748.png	[[0.014009823091328144, 0.01401169691234827], 57.83074060898541]
3758.png	[[0.0, 0.0], 57.83076371560411]
3768.png	[[0.0, 0.0], 57.83075915872408]
3778.png	[[0.0, 0.0], 57.8307613806097]
3788.png	[[0.0, 0.0], 57.83075323032154]
3798.png	[[0.009906831197440624, 0.009907768107950687], 57.830757930720075]
3808.png	[[0.0, 0.0], 57.83075833351604]
3818.png	[[0.0, 0.0], 57.830760109547825]
3828.png	[[0.0, 0.0], 57.83075319567772]
3838.png	[[0.0, 0.0], 57.83075309043872]
3848.png	[[-0.044612836092710495, -0.04459385201334953], 57.830748435304365]
3858.png	[[0.04459385201334953, 0.044612836092710495], 57.83075414275938]
3868.png	[[0.0, 0.0], 57.83075875690304]
3878.png	[[0.0, 0.0], 57.830760675100386]
3888.png	[[0.034693580120801926, 0.03470506891608238], 57.83075528709503]
3898.png	[[0.0, 0.0], 57.83076211016709]
3908.png	[[0.034693580120801926, 0.03470506891608238], 57.83074952558998]
3918.png	[[0.0, 0.0], 57.83076910923846]
3928.png	[[-0.03470506891608238, -0.034693580120801926], 57.83075395746584]
3938.png	[[0.0, 0.0], 57.830755058429254]
3948.png	[[0.034693580120801926, 0.03470506891608238], 57.83075199440365]
3958.png	[[-0.02479730173945427, -0.024791434407234192], 57.83075824242326]
3968.png	[[-0.03470506891608238, -0.034693580120801926], 57.830774029379185]
3978.png	[[0.034693580120801926, 0.03470506891608238], 57.83075871922931]
3988.png	[[0.009906831197440624, 0.009907767176628113], 57.830761327371995]
3998.png	[[0.0, 0.0], 57.83076310944526]
4008.png	[[-0.009907768107950687, -0.009906831197440624], 57.83075306820895]
4018.png	[[0.0, 0.0], 57.83076215287669]
4028.png	[[0.0, 0.0], 57.83075653870148]
4038.png	[[0.0, 0.0], 57.830751181376144]
4048.png	[[0.0, 0.0], 57.830756521302604]
4058.png	[[0.009906831197440624, 0.009907767176628113], 57.83076191253729]
4068.png	[[0.0, 0.0], 57.83075854841634]
4078.png	[[0.0, 0.0], 57.830758921005376]
4088.png	[[0.0, 0.0], 57.83075733566602]
4098.png	[[0.03469358757138252, 0.03470507636666298], 57.830691688644684]
4108.png	[[-0.02479730173945427, -0.024791434407234192], 57.830762145771686]
4118.png	[[0.0, 0.0], 57.830766761837786]
4128.png	[[0.0, 0.0], 57.830758069196]
4138.png	[[0.0, 0.0], 57.830753498039506]
4148.png	[[0.0, 0.0], 57.830766318376725]
4158.png	[[0.0, 0.0], 57.830759437317056]
4168.png	[[-0.03470506891608238, -0.034693580120801926], 57.83075111201998]
4178.png	[[0.049057409167289734, 0.04908038303256035], 57.830753307499855]
4188.png	[[0.0, 0.0], 57.83075408435557]
4198.png	[[0.009906831197440624, 0.009907767176628113], 57.83075367618903]
4208.png	[[0.0, 0.0], 57.830761898536664]
4218.png	[[0.0, 0.0], 57.830763012965264]
4228.png	[[0.034693580120801926, 0.03470506891608238], 57.83074902955814]
4238.png	[[-0.04908038303256035, -0.049057409167289734], 57.830752251314465]
4248.png	[[0.0, 0.0], 57.83075699754573]
4258.png	[[0.0, 0.0], 57.83076087629879]
4268.png	[[0.0, 0.0], 57.830752316244855]
4278.png	[[0.009906831197440624, 0.009907767176628113], 57.83076209401161]
4288.png	[[-0.03470506891608238, -0.034693580120801926], 57.830756732659005]
4298.png	[[0.009906831197440624, 0.009907768107950687], 57.83075425769661]
4308.png	[[0.0, 0.0], 57.83077392784114]
4318.png	[[0.009906831197440624, 0.009907767176628113], 57.830762222300926]
4328.png	[[0.0, 0.0], 57.83076171672774]
4338.png	[[0.0, 0.0], 57.83075444365319]
4348.png	[[0.0, 0.0], 57.8307531828256]
4358.png	[[0.009906831197440624, 0.009907767176628113], 57.830761602725694]
4368.png	[[0.0, 0.0], 57.83075506014752]
4378.png	[[-0.03470506891608238, -0.034693580120801926], 57.83075458600931]
4388.png	[[0.0, 0.0], 57.830756608941805]
4398.png	[[0.009906831197440624, 0.009907767176628113], 57.830760103067824]
4408.png	[[0.009906831197440624, 0.009907767176628113], 57.830761759479536]
4418.png	[[-0.02479730173945427, -0.024791434407234192], 57.83075567517975]
4428.png	[[0.020689286291599274, 0.020693372935056686], 57.83075583070963]
4438.png	[[0.0, 0.0], 57.83075918486429]
4448.png	[[-0.01401169691234827, -0.014009823091328144], 57.83074700073302]
4458.png	[[0.0, 0.0], 57.83076783734806]
4468.png	[[0.0, 0.0], 57.83077078899729]
4478.png	[[0.034693580120801926, 0.03470506891608238], 57.830752200271256]
4488.png	[[0.0, 0.0], 57.830752412989135]
4498.png	[[0.03915797546505928, 0.03917261213064194], 57.8307462790321]
4508.png	[[0.009906831197440624, 0.009907767176628113], 57.830764769769885]
4518.png	[[0.0, 0.0], 57.830757870620396]
4528.png	[[0.0, 0.0], 57.83075937960154]
4538.png	[[0.0, 0.0], 57.83075736903812]
4548.png	[[0.0, 0.0], 57.830753762917126]
4558.png	[[0.0, 0.0], 57.8307663126301]
4568.png	[[-0.03470506891608238, -0.034693580120801926], 57.830758029683686]
4578.png	[[0.0, 0.0], 57.8307647438853]
4588.png	[[0.0, 0.0], 57.83076321689849]
4598.png	[[0.0, 0.0], 57.83075996343423]
4608.png	[[-0.03470506891608238, -0.034693580120801926], 57.83075562868846]
4618.png	[[0.009906829334795475, 0.009907766245305538], 57.83076193635034]
4628.png	[[0.0, 0.0], 49.16168201478951]
4638.png	[[0.0, 0.0], 37.87687962558158]
4648.png	[[0.0, 0.0], 37.091750311010095]
4658.png	[[-0.03672107309103012, -0.03670820966362953], 39.12015453477399]
4668.png	[[0.0, 0.0], 38.592902671838516]
4678.png	[[0.0, 0.0], 38.60449951920414]
4688.png	[[0.0, 0.0], 38.578539419068484]
4698.png	[[-0.03678078576922417, -0.03676788508892059], 38.63876322818535]
4708.png	[[0.0, 0.0], 38.568098111651736]
4718.png	[[0.0, 0.0], 38.64079511477115]
4728.png	[[0.010496839880943298, 0.01049789134413004], 38.56784033475224]
4738.png	[[0.0, 0.0], 38.640778967778864]
4748.png	[[0.0, 0.0], 38.567863727398056]
4758.png	[[0.0, 0.0], 38.6407882984331]
4768.png	[[0.0, 0.0], 38.567866029393016]
4778.png	[[0.04725952073931694, 0.04728084057569504], 38.64076881628034]
4788.png	[[0.0, 0.0], 38.56786791312434]
4798.png	[[0.0, 0.0], 38.640769345355714]
4808.png	[[0.0, 0.0], 38.56786848141258]
4818.png	[[0.0, 0.0], 38.632111200233844]
4828.png	[[-0.036802634596824646, -0.03678971529006958], 38.232137937596484]
4838.png	[[0.0, 0.0], 37.34785468080767]
4848.png	[[0.03713623806834221, 0.037149399518966675], 35.134355886593184]
4858.png	[[0.0, 0.0], 34.127994611454426]
4868.png	[[0.0, 0.0], 33.879423632001355]
4878.png	[[0.0, 0.0], 31.895531171132156]
4888.png	[[0.0, 0.0], 31.402437396815962]
4898.png	[[0.0, 0.0], 29.652392740040963]
4908.png	[[0.010791382752358913, 0.01079249382019043], 28.8832789574673]
4918.png	[[0.0, 0.0], 27.1173934409345]
4928.png	[[0.0, 0.0], 26.365410079927447]
4938.png	[[0.0, 0.0], 24.789594198120582]
4948.png	[[-0.038350075483322144, -0.038336049765348434], 23.762092994259906]
4958.png	[[0.0, 0.0], 19.761108197981972]
4968.png	[[0.0, 0.0], 0.029652599692482497]
4978.png	[[0.0, 0.0], 0.03184300774149811]
4988.png	[[0.0, 0.0], 0.03199830918725773]
4998.png	[[0.0, 0.0], 0.03200911362271015]
5008.png	[[0.0, 0.0], 0.03200684711418844]
5018.png	[[0.0, 0.0], 0.032005096973521406]
5028.png	[[0.0, 0.0], 0.03200969696212869]
5038.png	[[0.0, 0.0], 0.03200746402870429]
5048.png	[[0.0, 0.0], 0.032006126272490706]
5058.png	[[0.0, 0.0], 0.032007946819147454]
5068.png	[[0.0, 0.0], 0.0320081178119608]
5078.png	[[0.0, 0.0], 0.03200650177898793]
5088.png	[[0.0, 0.0], 0.032005918398751686]
5098.png	[[0.0, 0.0], 0.03200595527891031]
5108.png	[[0.0, 0.0], 0.032007876412237964]
5118.png	[[0.0, 0.0], 2.3511834894182506]
5128.png	[[-0.055013783276081085, -0.0549849197268486], 7.841185171035342]
5138.png	[[0.0, 0.0], 17.208619946251204]
5148.png	[[0.0, 0.0], 20.94155346214401]
5158.png	[[0.0, 0.0], 35.26423129851888]
5168.png	[[0.051716506481170654, 0.05174203962087631], 40.20922317690036]
5178.png	[[0.0, 0.0], 38.374256905127986]
5188.png	[[0.010495978407561779, 0.01049702987074852], 38.59016616386719]
5198.png	[[0.0, 0.0], 38.64570398524567]
5208.png	[[0.0, 0.0], 38.56527470769929]
5218.png	[[0.0, 0.0], 38.641471516280994]
5228.png	[[0.0, 0.0], 38.567728700533806]
5238.png	[[0.04725951701402664, 0.04728083685040474], 38.640781609252564]
5248.png	[[0.0, 0.0], 38.56786276664087]
5258.png	[[0.0, 0.0], 38.640773278408155]
5268.png	[[0.0, 0.0], 38.56787032810535]
5278.png	[[0.0, 0.0], 38.64078481207072]
5288.png	[[-0.03677216172218323, -0.036759261041879654], 38.567855857366105]
5298.png	[[0.010499236173927784, 0.010500287637114525], 38.64078049273611]
5308.png	[[0.0, 0.0], 38.567866921527965]
5318.png	[[0.0, 0.0], 38.61961198031947]
5328.png	[[0.0, 0.0], 38.57368881695972]
5338.png	[[0.0, 0.0], 38.6397548361908]
5348.png	[[0.0, 0.0], 38.56796557384225]
5358.png	[[0.0, 0.0], 38.64078479268457]
5368.png	[[0.0, 0.0], 38.56785443209317]
5378.png	[[-0.010500287637114525, -0.010499236173927784], 38.64079027972974]
5388.png	[[0.04724873974919319, 0.047270048409700394], 38.56784943664136]
5398.png	[[0.010499236173927784, 0.010500287637114525], 38.640776286830615]
5408.png	[[0.0, 0.0], 38.567868645852094]
5418.png	[[0.0, 0.0], 38.64078597099658]
5428.png	[[0.0, 0.0], 38.56786290182612]
5438.png	[[0.04725951701402664, 0.04728083685040474], 38.64077817616452]
5448.png	[[0.0, 0.0], 38.5678628692765]
5458.png	[[-0.010500284843146801, -0.01049923337996006], 38.64079195146723]
5468.png	[[-0.03677216172218323, -0.036759261041879654], 38.567857499027625]
5478.png	[[0.0, 0.0], 38.64078775455152]
5488.png	[[-0.01049789134413004, -0.010496839880943298], 38.56785180422782]
5498.png	[[0.0, 0.0], 38.64078879638408]
5508.png	[[0.0, 0.0], 38.56786610335515]
5518.png	[[0.0, 0.0], 38.64078828027218]
5528.png	[[0.036759257316589355, 0.03677215799689293], 38.56786090269274]
5538.png	[[-0.010500287637114525, -0.010499236173927784], 38.640788279025514]
5548.png	[[0.0, 0.0], 38.567863679369715]
5558.png	[[0.0, 0.0], 38.640782201870266]
5568.png	[[0.0, 0.0], 38.56786629629659]
5578.png	[[0.03676764667034149, 0.036780551075935364], 38.64077878024619]
5588.png	[[0.0, 0.0], 38.56785743446866]
5598.png	[[0.010499236173927784, 0.010500287637114525], 38.64079074102679]
5608.png	[[0.0, 0.0], 38.56786367136743]
5618.png	[[0.0, 0.0], 38.64078834831675]
5628.png	[[0.0, 0.0], 38.56786607416374]
5638.png	[[0.0, 0.0], 38.640784821672995]
5648.png	[[0.0, 0.0], 38.56786259046639]
5658.png	[[0.0, 0.0], 38.64079510466552]
5668.png	[[0.0, 0.0], 38.567862716046164]
5678.png	[[0.0, 0.0], 38.640789283707804]
5688.png	[[0.0, 0.0], 38.54643224901996]
5698.png	[[0.0, 0.0], 38.1695334911413]
5708.png	[[0.0, 0.0], 35.401733123223]
5718.png	[[0.0, 0.0], 35.11446557881302]
5728.png	[[0.0, 0.0], 34.93917375122118]
5738.png	[[0.0, 0.0], 32.712544933037535]
5748.png	[[-0.010687828995287418, -0.010686738416552544], 32.52393797756485]
5758.png	[[0.010738573037087917, 0.010739673860371113], 30.585983147649138]
5768.png	[[0.0, 0.0], 29.869054455533366]
5778.png	[[-0.010813231579959393, -0.010812115855515003], 28.18236952862111]
5788.png	[[0.0, 0.0], 27.353623185191513]
5798.png	[[0.038122206926345825, 0.038136076182127], 25.767842714889447]
5808.png	[[0.0, 0.0], 24.8215080250452]
5818.png	[[0.0, 0.0], 22.70961591748875]
5828.png	[[0.0, 0.0], 0.027860387351261312]
5838.png	[[0.0, 0.0], 0.031679569718812396]
5848.png	[[0.0, 0.0], 0.03198984172952801]
5858.png	[[0.0, 0.0], 0.03200465115005302]
5868.png	[[0.0, 0.0], 0.03200718909508941]
5878.png	[[0.0, 0.0], 0.03200718909520948]
5888.png	[[0.0, 0.0], 0.03200684711341225]
5898.png	[[0.0, 0.0], 0.03200674318011716]
5908.png	[[0.0, 0.0], 0.03200619332496749]
5918.png	[[0.0, 0.0], 0.032006709650201304]
5928.png	[[0.0, 0.0], 0.03200756795958124]
5938.png	[[0.0, 0.0], 0.032005371898574546]
5948.png	[[0.0, 0.0], 0.03200684711342397]
5958.png	[[0.0, 0.0], 0.032007360086778805]
5968.png	[[0.0, 0.0], 0.032006847113397456]
5978.png	[[0.0, 0.0], 0.032007738948040085]
5988.png	[[0.0, 0.0], 0.03200646825140082]
5998.png	[[0.0, 0.0], 0.032007946819129995]
6008.png	[[0.0, 0.0], 0.032006639243208686]
6018.png	[[0.03077886812388897, 0.030787913128733635], 0.032006501779002036]
6028.png	[[0.0, 0.0], 0.032006572187022735]
6038.png	[[0.0, 0.0], 0.032007396966278606]
6048.png	[[0.0, 0.0], 0.03200602233415257]
6058.png	[[0.0, 0.0], 0.032007534430444406]
6068.png	[[0.0, 0.0], 0.03200670965120358]
6078.png	[[0.0, 0.0], 0.03200784288347082]
6088.png	[[0.0, 0.0], 0.03200986795340595]
6098.png	[[0.0, 0.0], 0.0320054724813159]
6108.png	[[0.0, 0.0], 0.032005988806547134]
6118.png	[[0.0, 0.0], 0.03200798034684907]
6128.png	[[0.0, 0.0], 0.03200986795341813]
6138.png	[[0.0, 0.0], 0.032006914169687546]
6148.png	[[0.0, 0.0], 0.032007909938872085]
6158.png	[[0.0, 0.0], 0.03200554288931764]
6168.png	[[0.0, 0.0], 0.03200581781571876]
6178.png	[[0.0, 0.0], 0.03200681358584157]
6188.png	[[0.0, 0.0], 0.03200684711345676]
6198.png	[[0.0, 0.0], 0.032006776705440505]
6208.png	[[0.0, 0.0], 0.03200663924233182]
6218.png	[[0.0, 0.0], 0.032005988806585416]
6228.png	[[0.0, 0.0], 0.032005817815710554]
6238.png	[[0.0, 0.0], 0.03200780935590154]
6248.png	[[0.0, 0.0], 0.03200650177904102]
6258.png	[[0.0, 0.0], 0.0320058848709485]
6268.png	[[0.0, 0.0], 0.032006743177911315]
6278.png	[[0.0, 0.0], 0.03200588487094875]
6288.png	[[0.0, 0.0], 0.032007018104410506]
6298.png	[[0.0, 0.0], 0.03200646825139188]
6308.png	[[0.0, 0.0], 0.03200780935587564]
6318.png	[[0.0, 0.0], 0.03200681358579701]
6328.png	[[-0.04250389710068703, -0.04248666763305664], 2.9591445232508113]
6338.png	[[-0.04110061377286911, -0.04108450189232826], 9.458972170960479]
6348.png	[[0.011137185618281364, 0.0111383693292737], 19.071751045421053]
6358.png	[[0.03818580135703087, 0.03819972276687622], 25.767349882760477]
6368.png	[[-0.03696120157837868, -0.036948174238204956], 37.07060443354208]
6378.png	[[0.036031726747751236, 0.03604412078857422], 45.547301360265664]
6388.png	[[0.0, 0.0], 52.60664677360872]
6398.png	[[0.0, 0.0], 58.19211177073043]
6408.png	[[0.0, 0.0], 63.74239605067875]
6418.png	[[0.0, 0.0], 69.27029516387236]
6428.png	[[0.0, 0.0], 73.694832731998]
6438.png	[[0.0, 0.0], 77.51347096765366]
6448.png	[[-0.004701018799096346, -0.0047008078545331955], 81.20000335536321]
6458.png	[[0.0, 0.0], 84.88822794170623]
6468.png	[[0.0, 0.0], 87.89654835327885]
6478.png	[[0.0, 0.0], 87.90895653249036]
6488.png	[[0.0, 0.0], 87.84925513453571]
6498.png	[[0.0, 0.0], 87.85835176212316]
6508.png	[[0.0, 0.0], 87.85796708078337]
6518.png	[[0.0, 0.0], 87.857870980867]
6528.png	[[0.0, 0.0], 87.85786766526283]
6538.png	[[0.0, 0.0], 87.85785586366374]
6548.png	[[0.0, 0.0], 87.85785512891694]
6558.png	[[0.0, 0.0], 87.85785506361928]
6568.png	[[0.0, 0.0], 87.85785502617614]
6578.png	[[0.0, 0.0], 87.85785513027908]
6588.png	[[0.0, 0.0], 87.85785509880226]
6598.png	[[0.0, 0.0], 87.85785506122998]
6608.png	[[0.0, 0.0], 87.85785502302043]
6618.png	[[0.0, 0.0], 87.8578551271955]
6628.png	[[0.0, 0.0], 87.85785509665439]
6638.png	[[0.0, 0.0], 87.85785505927275]
6648.png	[[0.004631850402802229, 0.004632055293768644], 87.85788399264662]
6658.png	[[0.0, 0.0], 87.85786251314666]
6668.png	[[0.0, 0.0], 87.85785791939207]
6678.png	[[0.0, 0.0], 87.85786642599571]
6688.png	[[0.0, 0.0], 87.85786245304632]
6698.png	[[0.0, 0.0], 87.85785909729093]
6708.png	[[0.02086617611348629, 0.020870333537459373], 87.85787586916253]
6718.png	[[0.0, 0.0], 87.8578665467157]
6728.png	[[0.0, 0.0], 87.85785764537825]
6738.png	[[0.0, 0.0], 87.85784782521756]
6748.png	[[0.0, 0.0], 87.85785285066451]
6758.png	[[0.0, 0.0], 87.85786373842467]
6768.png	[[0.0, 0.0], 87.85785384109732]
6778.png	[[-0.020870331674814224, -0.02086617425084114], 87.85791890109176]
6788.png	[[0.0, 0.0], 87.85786282400633]
6798.png	[[0.0, 0.0], 87.85785713894165]
6808.png	[[0.01623576320707798, 0.016238277778029442], 87.85787352228148]
6818.png	[[0.0, 0.0], 87.85785698180268]
6828.png	[[0.0, 0.0], 87.85786053174589]
6838.png	[[0.0, 0.0], 87.85785674517454]
6848.png	[[0.0, 0.0], 87.85785526254175]
6858.png	[[0.0, 0.0], 87.85785495686025]
6868.png	[[0.0, 0.0], 87.85785515546947]
6878.png	[[0.0, 0.0], 87.85785512729788]
6888.png	[[0.0, 0.0], 87.85786704846949]
6898.png	[[0.0, 0.0], 87.85786399051071]
6908.png	[[-0.016238277778029442, -0.01623576320707798], 87.85788068253288]
6918.png	[[0.0, 0.0], 87.8578498188008]
6928.png	[[0.0, 0.0], 87.85786672740524]
6938.png	[[0.0, 0.0], 87.85784965679176]
6948.png	[[0.0, 0.0], 87.85785395447155]
6958.png	[[0.0, 0.0], 87.85787100386842]
6968.png	[[0.0, 0.0], 87.85785986125512]
6978.png	[[0.0, 0.0], 87.85786120008085]
6988.png	[[0.0, 0.0], 87.85786181054944]
6998.png	[[-0.004632055293768644, -0.004631850402802229], 87.85789294674768]
7008.png	[[0.0, 0.0], 87.8578634411993]
7018.png	[[0.0, 0.0], 87.8578551624292]
7028.png	[[0.0, 0.0], 87.85785505461678]
7038.png	[[0.0, 0.0], 87.85786003803226]
7048.png	[[0.0, 0.0], 87.85787165680215]
7058.png	[[0.0, 0.0], 87.85787559392907]
7068.png	[[-0.016238277778029442, -0.01623576320707798], 87.85787282003996]
7078.png	[[0.0, 0.0], 87.85787259384071]
7088.png	[[0.0, 0.0], 87.85785119286427]
7098.png	[[0.004631850402802229, 0.004632055293768644], 87.85788641112282]
7108.png	[[0.0, 0.0], 87.85786825042793]
7118.png	[[0.0, 0.0], 87.85785606286355]
7128.png	[[0.0, 0.0], 87.85785531378171]
7138.png	[[0.0, 0.0], 87.85787843958734]
7148.png	[[0.0, 0.0], 87.85785371652331]
7158.png	[[0.0, 0.0], 87.857859956208]
7168.png	[[0.0, 0.0], 87.85786467474264]
7178.png	[[0.0, 0.0], 87.85785650730243]
7188.png	[[0.0, 0.0], 87.85785521897601]
7198.png	[[0.004631850402802229, 0.004632055293768644], 87.85789975204862]
7208.png	[[-0.004632054828107357, -0.004631850402802229], 87.85790590676359]
7218.png	[[-0.016238277778029442, -0.01623576320707798], 87.85791817384595]
7228.png	[[0.01623576320707798, 0.016238277778029442], 87.85789872059152]
7238.png	[[0.0, 0.0], 87.85785669122468]
7248.png	[[0.004631850402802229, 0.004632055293768644], 87.85788457997273]
7258.png	[[0.0, 0.0], 87.85786256903019]
7268.png	[[0.0, 0.0], 87.8578683375445]
7278.png	[[0.0, 0.0], 87.8578619854511]
7288.png	[[0.0, 0.0], 87.8578532939512]
7298.png	[[0.0, 0.0], 87.85787581584852]
7308.png	[[0.01623576320707798, 0.016238277778029442], 87.8579089120672]
7318.png	[[-0.004632055293768644, -0.004631850402802229], 87.85788389837421]
7328.png	[[0.009686672128736973, 0.009687567129731178], 87.8578486109838]
7338.png	[[-0.006550714373588562, -0.0065503050573170185], 87.85789291348287]
7348.png	[[0.018329134210944176, 0.01833234168589115], 87.85791630499314]
7358.png	[[0.01885802485048771, 0.018861420452594757], 87.85782716772644]
7368.png	[[0.006973707117140293, 0.006974171381443739], 87.85786954717328]
7378.png	[[0.020217396318912506, 0.020221298560500145], 87.8578455978848]
7388.png	[[0.023203330114483833, 0.02320846915245056], 87.85782796550679]
7398.png	[[0.011604942381381989, 0.011606227606534958], 87.85783394316627]
7408.png	[[0.02112613059580326, 0.021130390465259552], 87.8578484224986]
7418.png	[[0.020217396318912506, 0.020221298560500145], 87.85783503744288]
7428.png	[[0.0, 0.0], 87.85786151543367]
7438.png	[[0.013698495924472809, 0.013700286857783794], 87.85790672425347]
7448.png	[[0.008214682340621948, 0.008215326815843582], 87.857890655348]
7458.png	[[-0.018580399453639984, -0.018577106297016144], 87.85784935674293]
7468.png	[[-0.03475785255432129, -0.03474632650613785], 87.85768818138448]
7478.png	[[-0.03958234190940857, -0.03956739604473114], 87.85760636892275]
7488.png	[[-0.08027876168489456, -0.08021731674671173], 87.8574994780205]
7498.png	[[-0.037167374044656754, -0.037154197692871094], 87.72260863273965]
7508.png	[[-0.062602698802948, -0.06256532669067383], 79.07885512445853]
7518.png	[[-0.09259653091430664, -0.09251479059457779], 66.95384068797588]
7528.png	[[-0.16638830304145813, -0.16612455248832703], 58.412823560791765]
7538.png	[[0.0, 0.0], 57.70079702060536]
7548.png	[[0.009906237944960594, 0.009907173924148083], 57.84936778179624]
7558.png	[[0.0, 0.0], 57.82888719930053]
7568.png	[[0.0, 0.0], 57.830860378850076]
7578.png	[[0.0, 0.0], 57.830769730544894]
7588.png	[[-0.03470506891608238, -0.034693580120801926], 57.83076190659144]
7598.png	[[-0.009907767176628113, -0.009906831197440624], 57.83076305800262]
7608.png	[[0.0, 0.0], 57.83075813776051]
7618.png	[[0.0, 0.0], 57.83075852356436]
7628.png	[[0.0, 0.0], 57.83075561401415]
7638.png	[[0.0, 0.0], 57.83075419495306]
7648.png	[[-0.009907768107950687, -0.009906831197440624], 57.83075041525593]
7658.png	[[0.0, 0.0], 57.83075720460331]
7668.png	[[0.0, 0.0], 57.83076502780486]
7678.png	[[-0.009907768107950687, -0.009906831197440624], 57.830752401481554]
7688.png	[[-0.2819456458091736, -0.2811891734600067], 57.83046112167448]
7698.png	[[0.0, 0.0], 57.830774059143714]
7708.png	[[0.0, 0.0], 57.830749643271]
7718.png	[[-1.8554295301437378, -1.8231624364852905], 57.81894918146912]
7728.png	[[0.06974713504314423, 0.06979357451200485], 57.83144706199951]
7738.png	[[0.017157956957817078, 0.017160765826702118], 57.83069514197599]
7748.png	[[0.014009836129844189, 0.01401170901954174], 57.830720874159105]
7758.png	[[0.1386372596025467, 0.13882090151309967], 57.82991852172701]
7768.png	[[0.20508167147636414, 0.2054837942123413], 57.829786139439484]
7778.png	[[0.06262508034706116, 0.0626625269651413], 57.83037401642196]
7788.png	[[0.2244352549314499, 0.2249169498682022], 57.82895226917789]
7798.png	[[0.16098275780677795, 0.1612304151058197], 57.830302230469236]
7808.png	[[0.10046660900115967, 0.10056301206350327], 57.8308719242502]
7818.png	[[-2.758349657058716, -2.6876633167266846], 57.80495039368715]
7828.png	[[-0.700949490070343, -0.6962926387786865], 57.808745278734364]
7838.png	[[0.33375832438468933, 0.3348245918750763], 57.83442830628963]
7848.png	[[0.21503271162509918, 0.21547482907772064], 57.82948341776112]
7858.png	[[0.2007695436477661, 0.2011549025774002], 57.8309165902699]
7868.png	[[0.127966970205307, 0.1281234323978424], 57.830626792379874]
7878.png	[[0.054239191114902496, 0.0542672760784626], 57.83073576872934]
7888.png	[[0.2421582043170929, 0.24271905422210693], 57.82893342424746]
7898.png	[[0.16098275780677795, 0.1612304300069809], 57.83029720472619]
7908.png	[[0.1289268434047699, 0.12908564507961273], 57.830870343058635]
7918.png	[[-2.759204387664795, -2.6884748935699463], 57.8049199796584]
7928.png	[[-0.6999309062957764, -0.6952875256538391], 57.80876277838118]
7938.png	[[0.33697396516799927, 0.3380609452724457], 57.834406594060646]
7948.png	[[0.2217601090669632, 0.22223034501075745], 57.82947996990502]
7958.png	[[0.19950993359088898, 0.19989046454429626], 57.83090960112372]
7968.png	[[0.15141290426254272, 0.15163196623325348], 57.83064214246556]
7978.png	[[0.08979251980781555, 0.08986952155828476], 57.83072578333424]
7988.png	[[0.2244352549314499, 0.2249169498682022], 57.828924662240446]
7998.png	[[0.15598714351654053, 0.15621966123580933], 57.830300761670195]
8008.png	[[0.08515601605176926, 0.08522526919841766], 57.83085171922877]
8018.png	[[-2.757708787918091, -2.6870548725128174], 57.80496228805237]
8028.png	[[-0.7007459998130798, -0.696091890335083], 57.80873197483521]
8038.png	[[0.3351508378982544, 0.33622604608535767], 57.83442551565094]
8048.png	[[0.21803314983844757, 0.2184877097606659], 57.82947861343498]
8058.png	[[0.20068973302841187, 0.2010747790336609], 57.830903182906084]
8068.png	[[0.14547525346279144, 0.14567746222019196], 57.830656029358366]
8078.png	[[0.0533280186355114, 0.05335516855120659], 57.830703001910976]
8088.png	[[0.2244352549314499, 0.2249169498682022], 57.82893972228276]
8098.png	[[0.1580473780632019, 0.15828609466552734], 57.83031126293658]
8108.png	[[0.11147490888834, 0.11159361153841019], 57.830870714843094]
8118.png	[[-2.7565886974334717, -2.685991048812866], 57.80497322982548]
8128.png	[[-0.7006439566612244, -0.6959910988807678], 57.80876912375885]
8138.png	[[0.33836641907691956, 0.33946236968040466], 57.834413464024614]
8148.png	[[0.22702495753765106, 0.22751782834529877], 57.8294890019905]
8158.png	[[0.20068973302841187, 0.2010747790336609], 57.83089491452439]
8168.png	[[0.13337837159633636, 0.1335483342409134], 57.83065032466446]
8178.png	[[0.08979251980781555, 0.08986952155828476], 57.83074372124379]
8188.png	[[0.2270856648683548, 0.2275787889957428], 57.82891487779899]
8198.png	[[0.1590452492237091, 0.1592869907617569], 57.83028413926759]
8208.png	[[0.11147490888834, 0.11159361153841019], 57.83088614049082]
8218.png	[[-2.6545801162719727, -2.589045524597168], 57.80651380164667]
8228.png	[[-0.2334446758031845, -0.23292581737041473], 57.82680434853938]
8238.png	[[0.2636421322822571, 0.26430705189704895], 57.831550606327454]
8248.png	[[0.21561256051063538, 0.21605706214904785], 57.83057603966584]
8258.png	[[0.18110640347003937, 0.18141992390155792], 57.830930598998044]
8268.png	[[0.11110557615756989, 0.1112234964966774], 57.830873664728166]
8278.png	[[0.06752198934555054, 0.06756552308797836], 57.83090226847663]
8288.png	[[0.16974486410617828, 0.17002025246620178], 57.829957900384564]
8298.png	[[0.12940293550491333, 0.1295628845691681], 57.83076718322996]
8308.png	[[0.09359551221132278, 0.09367916733026505], 57.83099301911864]
8318.png	[[-4.68666934967041, -4.486462116241455], 57.76462016559078]
8328.png	[[-1.5668156147003174, -1.5437417030334473], 57.75017064517059]
8338.png	[[0.4824764132499695, 0.48470786213874817], 57.84235841384848]
8348.png	[[0.19630371034145355, 0.19667211174964905], 57.82254327700852]
8358.png	[[0.18237796425819397, 0.1826959103345871], 57.82661380074117]
8368.png	[[0.10676353424787521, 0.10687241703271866], 57.82580203593928]
8378.png	[[0.044092241674661636, 0.044110801070928574], 57.82857585017742]
8388.png	[[0.39530906081199646, 0.3968057930469513], 57.820983535486064]
8398.png	[[0.10857386142015457, 0.10868645459413528], 57.82485388559743]
8408.png	[[0.07031235098838806, 0.07035955786705017], 57.82867277011684]
8418.png	[[-5.344722747802734, -5.086052894592285], 57.7542042872323]
8428.png	[[-1.5824873447418213, -1.5589529275894165], 57.74352932658333]
8438.png	[[0.4975883364677429, 0.4999620318412781], 57.844765659252545]
8448.png	[[0.19303090870380402, 0.19338710606098175], 57.816781771231376]
8458.png	[[0.20242157578468323, 0.2028132975101471], 57.82749129778834]
8468.png	[[0.11143223941326141, 0.11155086010694504], 57.826534874778915]
8478.png	[[0.034089233726263046, 0.03410032391548157], 57.82831676310001]
8488.png	[[0.39275291562080383, 0.39423030614852905], 57.82107931651789]
8498.png	[[0.11312205344438553, 0.11324428766965866], 57.82485408385461]
8508.png	[[0.07056938111782074, 0.0706169381737709], 57.82864596450797]
8518.png	[[-5.343814849853516, -5.085230350494385], 57.75424330253132]
8528.png	[[-1.5809611082077026, -1.5574716329574585], 57.74356546693896]
8538.png	[[0.500771164894104, 0.5031754970550537], 57.84475471031004]
8548.png	[[0.1773773729801178, 0.17767809331417084], 57.81676672143015]
8558.png	[[0.25032538175582886, 0.2509247660636902], 57.82758294514021]
8568.png	[[0.11282895505428314, 0.11295054852962494], 57.826437395360266]
8578.png	[[0.03766540437936783, 0.03767894208431244], 57.82835502202683]
8588.png	[[0.3934984803199768, 0.3949815332889557], 57.82104738339931]
8598.png	[[0.11803674697875977, 0.11816984415054321], 57.82487022519585]
8608.png	[[0.06566662341356277, 0.06570778787136078], 57.828655797883876]
8618.png	[[-5.3458147048950195, -5.087042331695557], 57.75422830641979]
8628.png	[[-1.581154227256775, -1.5576591491699219], 57.74354877930385]
8638.png	[[0.49985194206237793, 0.5022473931312561], 57.84476175989808]
8648.png	[[0.18291544914245605, 0.1832352578639984], 57.81676631156901]
8658.png	[[0.20145487785339355, 0.20184284448623657], 57.82752793323402]
8668.png	[[0.12478740513324738, 0.12493617087602615], 57.826541514487566]
8678.png	[[0.11541027575731277, 0.11553750187158585], 57.829001918471846]
8688.png	[[0.3971618711948395, 0.3986726999282837], 57.821802032863346]
8698.png	[[-0.17222945392131805, -0.17194686830043793], 61.32876985358926]
8708.png	[[-1.1810810565948486, -1.167920708656311], 66.57394819427591]
8718.png	[[-0.9291436672210693, -0.9209791421890259], 70.812368135697]
8728.png	[[-0.8441590070724487, -0.8374141454696655], 75.42594413124117]
8738.png	[[-0.7750978469848633, -0.7694076895713806], 78.98468893539739]
8748.png	[[-0.48170363903045654, -0.4794997572898865], 82.55598986190584]
8758.png	[[-0.43176916241645813, -0.42999762296676636], 86.1537101193638]
8768.png	[[-0.21034063398838043, -0.20991933345794678], 88.0326135982955]
8778.png	[[-0.1729518175125122, -0.17266684770584106], 87.85271007938601]
8788.png	[[-0.08595024794340134, -0.08587981015443802], 87.85199649049972]
8798.png	[[0.02495773881673813, 0.024963684380054474], 87.85866241600807]
8808.png	[[-0.01623827964067459, -0.01623576320707798], 87.85782745492996]
8818.png	[[0.004631850402802229, 0.004632055293768644], 87.8578553904561]
8828.png	[[0.004631850402802229, 0.004632055293768644], 87.85784028466644]
8838.png	[[0.004631850402802229, 0.004632055293768644], 87.85784654607492]
8848.png	[[-0.016238277778029442, -0.01623576320707798], 87.85787550231346]
8858.png	[[0.0, 0.0], 87.85785100553296]
8868.png	[[-0.020221298560500145, -0.020217396318912506], 87.85777917732543]
8878.png	[[-0.008215326815843582, -0.008214682340621948], 87.85785169553353]
8888.png	[[-0.02320846915245056, -0.023203330114483833], 87.85783669019267]
8898.png	[[-0.03927169367671013, -0.0392569825053215], 87.85745696207174]
8908.png	[[-0.03553589805960655, -0.035523850470781326], 87.85763151800471]
8918.png	[[-0.04561055451631546, -0.045590709894895554], 87.85755304523761]
8928.png	[[-0.06354779750108719, -0.06350928544998169], 87.85675875420304]
8938.png	[[-0.06025318428874016, -0.06021856144070625], 87.85700786885758]
8948.png	[[-0.07846519351005554, -0.07840649038553238], 87.85680828169023]
8958.png	[[-0.09589029103517532, -0.09580263495445251], 87.85658903099883]
8968.png	[[-0.10025611519813538, -0.10016029328107834], 87.85554146106185]
8978.png	[[-0.10577549785375595, -0.10566884279251099], 87.8555233314534]
8988.png	[[-0.09882809221744537, -0.09873498231172562], 87.85589456481725]
8998.png	[[-0.08500512689352036, -0.0849362388253212], 87.85584734549212]
9008.png	[[-0.08468478918075562, -0.08461641520261765], 87.85617704231133]
9018.png	[[-0.08814296871423721, -0.0880688950419426], 87.85644444555385]
9028.png	[[-0.060770999640226364, -0.060735780745744705], 87.85669544656196]
9038.png	[[-0.06102687492966652, -0.06099136546254158], 87.85696105156207]
9048.png	[[-0.05396958440542221, -0.05394180119037628], 87.85720931021142]
9058.png	[[-0.048825494945049286, -0.048802755773067474], 87.85741539230854]
9068.png	[[-0.024434247985482216, -0.024428552016615868], 87.85763033514776]
9078.png	[[-0.02405463345348835, -0.02404911443591118], 87.8577728191648]
9088.png	[[0.0065503050573170185, 0.006550714839249849], 87.85786138912378]
9098.png	[[-0.004632055293768644, -0.004631850402802229], 87.85788548620503]
9108.png	[[-0.004632055293768644, -0.004631850402802229], 87.85789868822536]
9118.png	[[0.0, 0.0], 87.85785354427202]
9128.png	[[0.0, 0.0], 87.8578497490888]
9138.png	[[0.0, 0.0], 87.85783400658113]
9148.png	[[0.0, 0.0], 87.85783312949506]
9158.png	[[0.0, 0.0], 87.85789489121808]
9168.png	[[0.0, 0.0], 87.85786055451156]
9178.png	[[0.0, 0.0], 87.85780561903037]
9188.png	[[0.0, 0.0], 87.85784682631245]
9198.png	[[0.0, 0.0], 84.60705084047157]
9208.png	[[0.004669851623475552, 0.004670059774070978], 84.15171478705388]
9218.png	[[0.0, 0.0], 84.24156679961177]
9228.png	[[0.0, 0.0], 84.23451265317082]
9238.png	[[0.0, 0.0], 82.2878383503081]
9248.png	[[-0.004690808244049549, -0.004690597765147686], 82.1258485124309]
9258.png	[[0.0, 0.0], 82.1798951344357]
9268.png	[[-0.01664229854941368, -0.016639655455946922], 76.5481954989116]
9278.png	[[0.0, 0.0], 75.44542690257406]
9288.png	[[0.0, 0.0], 75.57605096808001]
9298.png	[[0.016676930710673332, 0.016679586842656136], 75.56985238305512]
9308.png	[[0.0, 0.0], 73.7440708559302]
9318.png	[[0.0, 0.0], 73.6275407220774]
9328.png	[[0.0, 0.0], 73.67127189452115]
9338.png	[[0.0, 0.0], 73.52348234424221]
9348.png	[[0.0, 0.0], 69.54504313142334]
9358.png	[[0.0, 0.0], 70.9784028646544]
9368.png	[[0.004807571414858103, 0.004807792138308287], 70.70678935586402]
9378.png	[[0.0, 0.0], 67.20434494503877]
9388.png	[[0.0, 0.0], 67.73082896125014]
9398.png	[[0.0, 0.0], 67.62496416486594]
9408.png	[[0.0, 0.0], 67.64100046267173]
9418.png	[[-0.01704232208430767, -0.017039550468325615], 65.47575841877445]
9428.png	[[0.0, 0.0], 65.87704636591515]
9438.png	[[0.0, 0.0], 65.81232338795797]
9448.png	[[0.017159542068839073, 0.017162350937724113], 62.12101089373874]
9458.png	[[-0.01225358247756958, -0.012252149172127247], 62.63579272778641]
9468.png	[[-0.004891472402960062, -0.004891243763267994], 62.53686912363901]
9478.png	[[-0.01714719645678997, -0.01714438945055008], 62.54966728707056]
9488.png	[[0.0, 0.0], 60.443873413234726]
9498.png	[[0.017206382006406784, 0.017209207639098167], 60.819502781382305]
9508.png	[[0.0, 0.0], 60.76651457301309]
9518.png	[[0.0, 0.0], 60.723755835404916]
9528.png	[[0.0, 0.0], 60.685942345100536]
9538.png	[[0.0, 0.0], 60.562748481712205]
9548.png	[[0.0, 0.0], 60.12871167785324]
9558.png	[[0.0, 0.0], 57.84750022200816]
9568.png	[[0.0, 0.0], 57.795449815329484]
9578.png	[[-0.03470419719815254, -0.034692708402872086], 57.838359178211235]
9588.png	[[0.0, 0.0], 57.79267462837017]
9598.png	[[0.0, 0.0], 56.722902980297604]
9608.png	[[0.0, 0.0], 56.805408301205055]
9618.png	[[-0.09848087280988693, -0.0983884260058403], 56.75926903260064]
9628.png	[[0.0, 0.0], 54.94396486246017]
9638.png	[[-0.025010373443365097, -0.02500440552830696], 55.06439931615023]
9648.png	[[0.0, 0.0], 55.06545063567014]
9658.png	[[0.02238732948899269, 0.022392114624381065], 54.3709976109213]
9668.png	[[0.024520646780729294, 0.024526385590434074], 54.4147786921643]
9678.png	[[0.045864228159189224, 0.045884307473897934], 54.416484358727594]
9688.png	[[-4.392949104309082, -4.2165350914001465], 54.365841212191874]
9698.png	[[-6.140483379364014, -5.801771640777588], 54.2138351103722]
9708.png	[[-4.03896427154541, -3.889310121536255], 54.23935098956838]
9718.png	[[-4.072027683258057, -3.9199635982513428], 55.796837913557376]
9728.png	[[-3.8592782020568848, -3.722399950027466], 57.777357314613]
9738.png	[[-5.25164794921875, -5.001676559448242], 57.641039768838176]
9748.png	[[-0.011114515364170074, -0.011113336309790611], 57.79680609429994]
9758.png	[[26.593711853027344, 34.57778549194336], 27.059834575836327]
9768.png	[[-2.005898952484131, -1.9682414531707764], 26.990368571242303]
9778.png	[[-5.585116386413574, -5.3033342361450195], 30.377986843798233]
9788.png	[[-4.763372421264648, -4.556716442108154], 37.323764301108184]
9798.png	[[-3.970606803894043, -3.8258776664733887], 44.387068162137666]
9808.png	[[-6.034763813018799, -5.707266330718994], 51.0768993348801]
9818.png	[[-5.440046787261963, -5.172324180603027], 56.52007437968175]
9828.png	[[-4.342954635620117, -4.17044734954834], 57.746492941848665]
9838.png	[[-2.4887311458587646, -2.4310355186462402], 57.73658150189887]
9848.png	[[-0.4100036323070526, -0.4084058701992035], 57.79990449573157]
9858.png	[[20.274099349975586, 24.8383846282959], 38.94356389073739]
9868.png	[[-14.200806617736816, -12.53300666809082], 42.24091911389897]
9878.png	[[-5.3914055824279785, -5.128320693969727], 46.04586721622421]
9888.png	[[-3.8065671920776367, -3.673332691192627], 51.126647945445114]
9898.png	[[-2.8773353099823, -2.800508975982666], 56.276275179064484]
9908.png	[[-1.3706554174423218, -1.3529636859893799], 58.01714337821272]
9918.png	[[4.400295734405518, 4.592738151550293], 50.14565004514734]
9928.png	[[-10.738570213317871, -9.750082969665527], 53.63042300983101]
9938.png	[[0.48694053292274475, 0.4892135560512543], 57.80108878389447]
9948.png	[[-3.6339852809906006, -3.5123507976531982], 57.08315202726027]
9958.png	[[-2.9790284633636475, -2.8967580795288086], 57.49524696575445]
9968.png	[[-4.038046836853027, -3.8884594440460205], 57.79549077093186]
9978.png	[[-1.9653685092926025, -1.9292030334472656], 57.75504232883104]
9988.png	[[-7.451802730560303, -6.959544658660889], 56.33482018558865]
9998.png	[[-1.7203352451324463, -1.6925593614578247], 57.846934177648706]
