7.png	[[0.0, 0.0], 2.4166001558303933]
17.png	[[0.0, 0.0], 0.14918308407322442]
27.png	[[-0.04132511839270592, -0.04130882769823074], 8.302187480305555]
37.png	[[0.0, 0.0], 17.913699510440363]
47.png	[[0.0, 0.0], 23.118287703621647]
57.png	[[0.0, 0.0], 28.962892765044252]
67.png	[[0.0, 0.0], 29.427384941736502]
77.png	[[0.0, 0.0], 28.679426233682488]
87.png	[[-0.010812261141836643, -0.010811145417392254], 28.565168254875168]
97.png	[[-0.03784773871302605, -0.03783407434821129], 28.796937909646154]
107.png	[[0.0, 0.0], 28.804150827576585]
117.png	[[0.0, 0.0], 28.741363323335978]
127.png	[[-0.03785434365272522, -0.03784067556262016], 28.74405711409709]
137.png	[[0.0, 0.0], 28.760525452947466]
147.png	[[0.01080038771033287, 0.01080150157213211], 28.965164208485554]
157.png	[[0.0, 0.0], 35.30454526168691]
167.png	[[0.0, 0.0], 45.27492861589601]
177.png	[[0.0, 0.0], 52.29213269557514]
187.png	[[0.0, 0.0], 57.92333894406055]
197.png	[[0.004882637411355972, 0.004882865119725466], 63.48602108540594]
207.png	[[0.0, 0.0], 69.01120571408849]
217.png	[[0.0, 0.0], 73.48510901518702]
227.png	[[0.0, 0.0], 77.32859384591993]
237.png	[[0.0, 0.0], 81.01521290869343]
247.png	[[-0.004665129352360964, -0.004664921667426825], 84.70332163980422]
257.png	[[0.0, 0.0], 87.84480899083786]
267.png	[[0.0, 0.0], 87.91915255505891]
277.png	[[0.0, 0.0], 87.84856847491443]
287.png	[[0.0, 0.0], 87.85830970980959]
297.png	[[0.0, 0.0], 87.85800120929808]
307.png	[[0.0, 0.0], 87.85861406343255]
317.png	[[-0.004632055759429932, -0.004631850868463516], 87.8577996832597]
327.png	[[-0.004632054828107357, -0.004631850402802229], 87.85789971345469]
337.png	[[-0.016238277778029442, -0.01623576320707798], 87.85788568462486]
347.png	[[0.0, 0.0], 87.85785715000029]
357.png	[[0.0, 0.0], 87.85785522976354]
367.png	[[0.0, 0.0], 87.85787211650583]
377.png	[[0.0, 0.0], 87.8578700900761]
387.png	[[0.0, 0.0], 87.85785665500285]
397.png	[[0.004631850402802229, 0.004632055293768644], 87.8578885124734]
407.png	[[-0.004632055293768644, -0.004631850402802229], 87.85789601827186]
417.png	[[0.0, 0.0], 87.85786651620586]
427.png	[[0.004631850402802229, 0.004632055293768644], 87.85788747023538]
437.png	[[0.0, 0.0], 87.85786869554545]
447.png	[[0.0, 0.0], 87.85785269598333]
457.png	[[0.0, 0.0], 87.8578501476957]
467.png	[[0.0, 0.0], 87.85785445416646]
477.png	[[-0.004632055293768644, -0.004631850402802229], 87.85789022337175]
487.png	[[0.0, 0.0], 87.85786408996334]
497.png	[[-0.022964397445321083, -0.02295936457812786], 87.8578997998165]
507.png	[[0.0, 0.0], 87.85785277159273]
517.png	[[0.0, 0.0], 87.85786284969399]
527.png	[[-0.016238277778029442, -0.01623576320707798], 87.85786224889435]
537.png	[[0.0, 0.0], 87.85787138950452]
547.png	[[0.0, 0.0], 87.8578871105361]
557.png	[[-0.011606224812567234, -0.011604939587414265], 87.85789545921291]
567.png	[[0.0, 0.0], 87.85786959135567]
577.png	[[0.0, 0.0], 87.85785535688093]
587.png	[[-0.016238277778029442, -0.01623576320707798], 87.85788168685445]
597.png	[[0.0, 0.0], 87.85787346750611]
607.png	[[0.006550303660333157, 0.006550713442265987], 87.85789349565627]
617.png	[[0.004631850402802229, 0.004632055293768644], 87.85787857795839]
627.png	[[0.0, 0.0], 87.85788389874129]
637.png	[[-0.016238277778029442, -0.01623576320707798], 87.85789112444387]
647.png	[[-0.016238277778029442, -0.01623576320707798], 87.85790685557258]
657.png	[[0.0, 0.0], 87.8578892642453]
667.png	[[0.0, 0.0], 87.8578694635293]
677.png	[[-0.009687565267086029, -0.009686670266091824], 87.85790310803333]
687.png	[[0.0, 0.0], 87.85791045425451]
697.png	[[0.008022344671189785, 0.008022958412766457], 87.8577334280956]
707.png	[[-0.016238277778029442, -0.01623576320707798], 87.85788010829322]
717.png	[[0.01623576320707798, 0.016238277778029442], 87.85788667258127]
727.png	[[0.0, 0.0], 87.85790467633939]
737.png	[[0.0, 0.0], 87.8578551346376]
747.png	[[0.0, 0.0], 87.85787308740855]
757.png	[[-0.004632055293768644, -0.004631850402802229], 87.85787590438545]
767.png	[[0.0, 0.0], 87.85786829701742]
777.png	[[0.0, 0.0], 87.85788098918677]
787.png	[[0.01623576320707798, 0.016238277778029442], 87.85788435014742]
797.png	[[0.0, 0.0], 87.85786591923303]
807.png	[[-0.004632055293768644, -0.004631850402802229], 87.8578855233037]
817.png	[[0.0, 0.0], 87.85785564087831]
827.png	[[0.0, 0.0], 87.85786019375949]
837.png	[[0.01623576320707798, 0.016238277778029442], 87.85791525143298]
847.png	[[0.004632037132978439, 0.004632242023944855], 87.83476081960062]
857.png	[[0.0, 0.0], 87.60702010447045]
867.png	[[0.0, 0.0], 87.08340944439749]
877.png	[[0.0, 0.0], 86.33384695989047]
887.png	[[0.0, 0.0], 85.09293800898743]
897.png	[[0.0, 0.0], 83.79868482461669]
907.png	[[0.0, 0.0], 82.51186136479802]
917.png	[[0.0, 0.0], 81.22475678769528]
927.png	[[0.0, 0.0], 79.93742667298218]
937.png	[[0.0, 0.0], 78.649638641169]
947.png	[[0.0, 0.0], 77.36125203770007]
957.png	[[0.0, 0.0], 78.5931612195825]
967.png	[[0.0, 0.0], 82.23237456521132]
977.png	[[0.0, 0.0], 85.920790518417]
987.png	[[0.0, 0.0], 88.04352991536196]
997.png	[[0.0, 0.0], 87.86716139496026]
1007.png	[[0.0, 0.0], 87.85325113693608]
1017.png	[[-0.0162382572889328, -0.01623574085533619], 87.85847362937841]
1027.png	[[0.01623576320707798, 0.016238277778029442], 87.8578751010042]
1037.png	[[-0.011806374415755272, -0.011805044487118721], 79.87004498161889]
1047.png	[[0.0, 0.0], 68.13632092495834]
1057.png	[[-0.02471521496772766, -0.024709386751055717], 58.81200137399199]
1067.png	[[-0.01401964295655489, -0.014017767272889614], 57.65646987976299]
1077.png	[[0.009906163439154625, 0.009907099418342113], 57.852113116826025]
1087.png	[[0.0, 0.0], 57.82904992873351]
1097.png	[[-0.02479730360209942, -0.02479143626987934], 57.83077242137933]
1107.png	[[0.0, 0.0], 57.83078924267075]
1117.png	[[0.0, 0.0], 57.83075468777447]
1127.png	[[0.0, 0.0], 57.83076148829265]
1137.png	[[0.0, 0.0], 57.83076146489776]
1147.png	[[0.0, 0.0], 57.830754601077516]
1157.png	[[0.0, 0.0], 57.83076833436166]
1167.png	[[0.0, 0.0], 57.83075460175411]
1177.png	[[0.0, 0.0], 57.830761467762144]
1187.png	[[0.0, 0.0], 57.83075460169091]
1197.png	[[0.0, 0.0], 57.830761467232236]
1207.png	[[0.0, 0.0], 57.83076146651756]
1217.png	[[0.0, 0.0], 57.830754599807825]
1227.png	[[0.0, 0.0], 57.83076146642277]
1237.png	[[0.0, 0.0], 57.830761466857865]
1247.png	[[0.0, 0.0], 57.8307545993638]
1257.png	[[0.0, 0.0], 57.83076146676141]
1267.png	[[0.0, 0.0], 57.83076146579395]
1277.png	[[0.0, 0.0], 57.830754599909106]
1287.png	[[0.0, 0.0], 57.830761466213]
1297.png	[[0.0, 0.0], 57.83076146675414]
1307.png	[[0.0, 0.0], 57.830754599126436]
1317.png	[[0.0, 0.0], 61.62880550314699]
1327.png	[[0.0, 0.0], 67.09811203723332]
1337.png	[[0.0, 0.0], 71.67378251749066]
1347.png	[[0.0, 0.0], 76.0807827145109]
1357.png	[[0.0, 0.0], 79.77493084286648]
1367.png	[[0.0, 0.0], 83.46192792505357]
1377.png	[[0.0, 0.0], 87.1050218506878]
1387.png	[[0.0, 0.0], 88.0036227029334]
1397.png	[[0.0, 0.0], 87.84869432624397]
1407.png	[[0.0, 0.0], 87.8567831342581]
1417.png	[[0.0, 0.0], 87.85823197399861]
1427.png	[[0.0, 0.0], 87.85782684885017]
1437.png	[[0.0, 0.0], 87.85786118145673]
1447.png	[[0.0, 0.0], 87.85786118115476]
1457.png	[[0.0, 0.0], 87.85786118119886]
1467.png	[[0.0, 0.0], 87.85786118298509]
1477.png	[[0.0, 0.0], 87.8578749146384]
1487.png	[[0.0, 0.0], 87.85785431551534]
1497.png	[[0.0, 0.0], 87.85785431465206]
1507.png	[[0.0, 0.0], 87.85785431492232]
1517.png	[[0.0, 0.0], 87.85785431493298]
1527.png	[[0.0, 0.0], 87.85785471450424]
1537.png	[[0.0, 0.0], 87.85787533569952]
1547.png	[[0.0, 0.0], 87.85787533763441]
1557.png	[[0.0, 0.0], 87.85785473779323]
1567.png	[[0.0, 0.0], 87.85785473923961]
1577.png	[[0.0, 0.0], 87.85785473861516]
1587.png	[[0.0, 0.0], 87.85785473730591]
1597.png	[[0.0, 0.0], 87.85785473811566]
1607.png	[[0.0, 0.0], 87.85785473817806]
1617.png	[[0.0, 0.0], 87.85785473842766]
1627.png	[[0.0, 0.0], 87.85719554790381]
1637.png	[[0.0, 0.0], 87.85795773577254]
1647.png	[[0.0, 0.0], 87.85788220492726]
1657.png	[[0.0, 0.0], 87.85786160557562]
1667.png	[[0.0, 0.0], 87.85786160584631]
1677.png	[[0.0, 0.0], 87.85786160556549]
1687.png	[[0.0, 0.0], 87.85786160588752]
1697.png	[[0.0, 0.0], 87.85786160539949]
1707.png	[[0.0, 0.0], 87.85786160597071]
1717.png	[[0.0, 0.0], 87.85786160531589]
1727.png	[[0.0, 0.0], 87.85786160507585]
1737.png	[[0.0, 0.0], 87.85786160503424]
1747.png	[[0.0, 0.0], 87.8578616050033]
1757.png	[[0.0, 0.0], 87.85786160501345]
1767.png	[[0.0, 0.0], 87.85786160497226]
1777.png	[[0.0, 0.0], 87.85786160568003]
1787.png	[[0.0, 0.0], 87.85786160590871]
1797.png	[[0.0, 0.0], 87.85786160523239]
1807.png	[[0.0, 0.0], 87.85786160511928]
1817.png	[[0.0, 0.0], 87.85786160489971]
1827.png	[[0.0, 0.0], 87.85786160481723]
1837.png	[[0.0, 0.0], 87.85786160518177]
1847.png	[[0.0, 0.0], 87.85786160485812]
1857.png	[[0.0, 0.0], 87.85786160543043]
1867.png	[[0.0, 0.0], 87.8578616052327]
1877.png	[[0.0, 0.0], 87.85786160560737]
1887.png	[[0.0, 0.0], 87.85786160473332]
1897.png	[[0.0, 0.0], 87.85786160490011]
1907.png	[[0.011616936884820461, 0.011618224903941154], 87.85780855765287]
1917.png	[[0.009686672128736973, 0.009687567129731178], 87.85784603062098]
1927.png	[[0.02320731244981289, 0.023212455213069916], 87.85781907883022]
1937.png	[[0.05737081170082092, 0.05740223452448845], 87.85688399439945]
1947.png	[[0.03714767098426819, 0.03716083988547325], 87.8574599090452]
1957.png	[[0.06358814239501953, 0.06362675130367279], 87.85729124428981]
1967.png	[[0.0763942301273346, 0.07644995301961899], 87.85715652539045]
1977.png	[[0.14129887521266937, 0.14148962497711182], 87.85391931144787]
1987.png	[[0.11910536885261536, 0.11924087256193161], 87.8551953814235]
1997.png	[[0.17168556153774261, 0.1719672977924347], 87.85439193152997]
2007.png	[[0.267957478761673, 0.2686443328857422], 87.84774375638196]
2017.png	[[0.20570173859596252, 0.2061062902212143], 87.84922323356999]
2027.png	[[0.3034365177154541, 0.3043176531791687], 87.84693446190023]
2037.png	[[0.328408420085907, 0.32944077253341675], 87.83633037655939]
2047.png	[[0.3097943961620331, 0.31071287393569946], 87.83996458842017]
2057.png	[[0.3417344093322754, 0.3428524136543274], 87.8417384064919]
2067.png	[[0.3171023428440094, 0.31806474924087524], 87.83470188657444]
2077.png	[[0.300977498292923, 0.30184435844421387], 87.83971145016153]
2087.png	[[0.33690136671066284, 0.33798789978027344], 87.84127544909522]
2097.png	[[0.3118019104003906, 0.3127323389053345], 87.83413085481115]
2107.png	[[0.2972707152366638, 0.2981163263320923], 87.8391843742224]
2117.png	[[0.3300408720970154, 0.3310835063457489], 87.84076909469177]
2127.png	[[0.34227925539016724, 0.343400776386261], 87.84214766925861]
2137.png	[[0.32445889711380005, 0.325466513633728], 87.8352787724903]
2147.png	[[0.30417436361312866, 0.3050597608089447], 87.84026641187955]
2157.png	[[0.3436134159564972, 0.3447436988353729], 87.84173509884596]
2167.png	[[0.31621256470680237, 0.31716954708099365], 87.8346846227174]
2177.png	[[0.300921231508255, 0.301787793636322], 87.83973461420501]
2187.png	[[0.3368466794490814, 0.337932825088501], 87.84125492698598]
2197.png	[[0.3120546340942383, 0.3129865825176239], 87.83419834343985]
2207.png	[[0.29742705821990967, 0.2982735335826874], 87.83915571167115]
2217.png	[[0.33020418882369995, 0.33124789595603943], 87.8408255426217]
2227.png	[[0.34307241439819336, 0.34419918060302734], 87.84214924393115]
2237.png	[[0.32426393032073975, 0.3252703845500946], 87.83522768553945]
2247.png	[[0.3042311668395996, 0.3051169216632843], 87.8403451537693]
2257.png	[[0.3434489965438843, 0.34457820653915405], 87.84168209470509]
2267.png	[[0.31596142053604126, 0.3169168531894684], 87.83473770337956]
2277.png	[[0.3011317253112793, 0.3019994795322418], 87.83968683132703]
2287.png	[[0.33635473251342773, 0.3374377489089966], 87.8412949623431]
2297.png	[[0.30587542057037354, 0.3067707419395447], 87.8308314521741]
2307.png	[[0.28437262773513794, 0.2851463854312897], 87.83745728335225]
2317.png	[[0.3140442371368408, 0.3149881362915039], 87.83928997742473]
2327.png	[[0.3219347894191742, 0.322926789522171], 87.84065373083425]
2337.png	[[0.3085205554962158, 0.3094314932823181], 87.83359850194093]
2347.png	[[0.2927590310573578, 0.2935791313648224], 87.83856597047122]
2357.png	[[0.32295340299606323, 0.32395172119140625], 87.84026242367963]
2367.png	[[0.3351445198059082, 0.3362196981906891], 87.84165525651889]
2377.png	[[0.3183242380619049, 0.3192940652370453], 87.83467627113791]
2387.png	[[0.30019086599349976, 0.3010532259941101], 87.83970128082181]
2397.png	[[0.3361908793449402, 0.3372728228569031], 87.84125273849321]
2407.png	[[0.31068575382232666, 0.31160953640937805], 87.8341579862223]
2417.png	[[0.2972598969936371, 0.2981054186820984], 87.83908276057548]
2427.png	[[0.3295433521270752, 0.330582857131958], 87.84074045640347]
2437.png	[[0.34222304821014404, 0.34334421157836914], 87.84213635893842]
2447.png	[[0.32416000962257385, 0.3251657783985138], 87.8352566670457]
2457.png	[[0.3035852909088135, 0.30446726083755493], 87.84024664445063]
2467.png	[[0.3433941602706909, 0.34452304244041443], 87.84162494274062]
2477.png	[[0.3154586851596832, 0.3164110481739044], 87.8347206116978]
2487.png	[[0.300808846950531, 0.3016747534275055], 87.83969370005101]
2497.png	[[0.33520570397377014, 0.33628129959106445], 87.84126428933811]
2507.png	[[0.31164640188217163, 0.31257590651512146], 87.83411301275211]
2517.png	[[0.2968911826610565, 0.29773464798927307], 87.83913256108922]
2527.png	[[0.32979220151901245, 0.3308332860469818], 87.84078404359575]
2537.png	[[0.3414851725101471, 0.3426015079021454], 87.84208284256685]
2547.png	[[0.3244069814682007, 0.3254142999649048], 87.83520742777804]
2557.png	[[0.30364203453063965, 0.30452439188957214], 87.84026639078388]
2567.png	[[0.3434489965438843, 0.34457820653915405], 87.84169668853197]
2577.png	[[0.3165157735347748, 0.3174746036529541], 87.8346654149777]
2587.png	[[0.3002189099788666, 0.30108141899108887], 87.83967743189235]
2597.png	[[0.33599942922592163, 0.33708012104034424], 87.84122900585595]
2607.png	[[0.3114970922470093, 0.3124257028102875], 87.83410969184385]
2617.png	[[0.2970477044582367, 0.2978920638561249], 87.83910231354544]
2627.png	[[0.3295433223247528, 0.330582857131958], 87.84077384751917]
2637.png	[[0.3416749835014343, 0.3427925705909729], 87.84211320481043]
2647.png	[[0.32391291856765747, 0.32491713762283325], 87.83519922691447]
2657.png	[[0.30331891775131226, 0.30419933795928955], 87.84028849532568]
2667.png	[[0.3434489667415619, 0.34457817673683167], 87.84171239252487]
2677.png	[[0.31606563925743103, 0.31702175736427307], 87.83465178419061]
2687.png	[[0.3010193407535553, 0.3018864095211029], 87.83970284210955]
2697.png	[[0.3356160819530487, 0.3366943299770355], 87.84123322610293]
2707.png	[[0.31099092960357666, 0.3119165301322937], 87.83408342349897]
2717.png	[[0.29763907194137573, 0.29848676919937134], 87.8391161341067]
2727.png	[[0.3297378420829773, 0.330778568983078], 87.84073769993292]
2737.png	[[0.34192097187042236, 0.3430401384830475], 87.84210565139574]
2747.png	[[0.31342771649360657, 0.3143678605556488], 87.8340279934229]
2757.png	[[0.29231971502304077, 0.2931373417377472], 87.84048782296357]
2767.png	[[0.3480842709541321, 0.34924426674842834], 87.84165891725912]
2777.png	[[0.37895992398262024, 0.3803351819515228], 87.83711625586231]
2787.png	[[0.28553518652915955, 0.28631529211997986], 87.83867373288241]
2797.png	[[0.3306230306625366, 0.3316693902015686], 87.84072700231097]
2807.png	[[0.3084352910518646, 0.30934569239616394], 87.83367790978421]
2817.png	[[0.29378852248191833, 0.29461440443992615], 87.83864172856266]
2827.png	[[0.32514482736587524, 0.32615673542022705], 87.84038361859874]
2837.png	[[0.335809588432312, 0.3368890583515167], 87.84174542976741]
2847.png	[[0.31981924176216125, 0.32079818844795227], 87.83478056522723]
2857.png	[[0.30089423060417175, 0.30176061391830444], 87.83979289783287]
2867.png	[[0.3370923697948456, 0.3381801247596741], 87.84131220267892]
2877.png	[[0.3119574785232544, 0.31288883090019226], 87.83421606391904]
2887.png	[[0.297917902469635, 0.29876720905303955], 87.83921967684022]
2897.png	[[0.3308950662612915, 0.3319431245326996], 87.8408612851423]
2907.png	[[0.34312859177589417, 0.3442557454109192], 87.84222709865335]
2917.png	[[0.3251083791255951, 0.3261200487613678], 87.83533269060518]
2927.png	[[0.3049902617931366, 0.30588042736053467], 87.8403497854884]
2937.png	[[0.3444746434688568, 0.34561067819595337], 87.84179890537065]
2947.png	[[0.3167763352394104, 0.31773674488067627], 87.83477332041936]
2957.png	[[0.30145442485809326, 0.3023240566253662], 87.83980388696898]
2967.png	[[0.33681952953338623, 0.33790549635887146], 87.84133576198964]
2977.png	[[0.3121064603328705, 0.31303870677948], 87.83422658762498]
2987.png	[[0.297917902469635, 0.29876720905303955], 87.83920581019564]
2997.png	[[0.3310040533542633, 0.3320527970790863], 87.84084300253475]
3007.png	[[0.3437317907810211, 0.3448629081249237], 87.8422285492191]
3017.png	[[0.32471877336502075, 0.32572799921035767], 87.83533647106246]
3027.png	[[0.30487653613090515, 0.3057660162448883], 87.84033824505718]
3037.png	[[0.3450692892074585, 0.34620919823646545], 87.84179353887208]
3047.png	[[0.31697502732276917, 0.31793662905693054], 87.83478804818101]
3057.png	[[0.30145442485809326, 0.3023240566253662], 87.83979473233256]
3067.png	[[0.33731117844581604, 0.33840033411979675], 87.84133786506156]
3077.png	[[0.31241098046302795, 0.3133450746536255], 87.83423362947647]
3087.png	[[0.2981295883655548, 0.29898008704185486], 87.83923346376262]
3097.png	[[0.33025863766670227, 0.331302672624588], 87.84085760688953]
3107.png	[[0.3064383566379547, 0.30733704566955566], 87.84276056621599]
3117.png	[[0.3267391622066498, 0.3277610242366791], 87.83553720573896]
3127.png	[[0.3048952519893646, 0.30578485131263733], 87.84034633434413]
3137.png	[[0.3034384548664093, 0.3043195605278015], 87.84245477661766]
3147.png	[[0.32166019082069397, 0.3226504921913147], 87.834895601458]
3157.png	[[0.2996280789375305, 0.3004871606826782], 87.83977895850147]
3167.png	[[0.21339046955108643, 0.21382586658000946], 87.8414567082328]
3177.png	[[0.23467253148555756, 0.2351991832256317], 87.83422835153853]
3187.png	[[0.315503865480423, 0.3164565861225128], 87.83911133981702]
3197.png	[[0.3251262307167053, 0.3261379897594452], 87.84092711541633]
3207.png	[[0.345035582780838, 0.34617525339126587], 87.84216955138544]
3217.png	[[0.3251084089279175, 0.3261200785636902], 87.83530613088955]
3227.png	[[0.3043063282966614, 0.3051925003528595], 87.84035730776355]
3237.png	[[0.34471720457077026, 0.34585481882095337], 87.84179629836578]
3247.png	[[0.31727802753448486, 0.31824150681495667], 87.83478229732829]
3257.png	[[0.30204325914382935, 0.3029162883758545], 87.83977822099692]
3267.png	[[0.33725646138191223, 0.3383452892303467], 87.8413084448832]
3277.png	[[0.3120613098144531, 0.31299328804016113], 87.83422471172513]
3287.png	[[0.2973265051841736, 0.2981724143028259], 87.83922962416575]
3297.png	[[0.4605458676815033, 0.462578684091568], 87.83977032094607]
3307.png	[[0.3155592679977417, 0.3165122866630554], 87.84152836245103]
3317.png	[[0.32977139949798584, 0.33081236481666565], 87.83562459837094]
3327.png	[[0.30415400862693787, 0.30503928661346436], 87.84038566894857]
3337.png	[[0.3444514870643616, 0.3455873429775238], 87.84179324029381]
3347.png	[[0.3175186216831207, 0.31848353147506714], 87.83479166035183]
3357.png	[[0.30108994245529175, 0.30195745825767517], 87.83980941210318]
3367.png	[[0.33720168471336365, 0.33829015493392944], 87.84139104266998]
3377.png	[[0.3122102618217468, 0.31314313411712646], 87.83423755142302]
3387.png	[[0.2980295717716217, 0.2988795042037964], 87.83918467683992]
3397.png	[[0.3308950662612915, 0.3319431245326996], 87.84087025787186]
3407.png	[[0.3429394066333771, 0.34406527876853943], 87.8422096665142]
3417.png	[[0.3251084089279175, 0.3261200785636902], 87.83528162881284]
3427.png	[[0.30472448468208313, 0.30561310052871704], 87.8403745869859]
3437.png	[[0.3453114926815033, 0.3464530408382416], 87.8417689386527]
3447.png	[[0.31706956028938293, 0.31803175806999207], 87.83473697705324]
3457.png	[[0.3016231954097748, 0.30249378085136414], 87.83978966204775]
3467.png	[[0.3375289738178253, 0.33861953020095825], 87.84132231192282]
3477.png	[[0.31185370683670044, 0.31278446316719055], 87.83420032446068]
3487.png	[[0.2971591055393219, 0.29800406098365784], 87.83927521956208]
3497.png	[[0.3304527997970581, 0.33149802684783936], 87.84083601200336]
3507.png	[[0.3431848883628845, 0.3443123996257782], 87.84218205035425]
3517.png	[[0.32535499334335327, 0.32636821269989014], 87.83535358794956]
3527.png	[[0.3049902617931366, 0.30588042736053467], 87.84033362191819]
3537.png	[[0.3454440236091614, 0.3465864360332489], 87.84179234483983]
3547.png	[[0.3169229328632355, 0.3178842067718506], 87.83477801134404]
3557.png	[[0.301889568567276, 0.3027617037296295], 87.83978530442329]
3567.png	[[0.33684664964675903, 0.3379327654838562], 87.84130969376595]
3577.png	[[0.3119056224822998, 0.312836617231369], 87.83421823827364]
3587.png	[[0.2978062927722931, 0.2986550033092499], 87.83921064627727]
3597.png	[[0.3311432898044586, 0.33219289779663086], 87.84087058835689]
3607.png	[[0.3440532982349396, 0.3451864719390869], 87.84219295830009]
3617.png	[[0.3251603841781616, 0.3261723816394806], 87.83532671954114]
3627.png	[[0.3052559196949005, 0.30614763498306274], 87.84034790371707]
3637.png	[[0.3449366092681885, 0.3460756540298462], 87.84176839848999]
3647.png	[[0.31712162494659424, 0.31808412075042725], 87.83475721872695]
3657.png	[[0.3017358183860779, 0.30260708928108215], 87.83978501897396]
3667.png	[[0.33744749426841736, 0.3385375738143921], 87.84130780093167]
3677.png	[[0.3121583163738251, 0.31309089064598083], 87.83421614714734]
3687.png	[[0.2983412444591522, 0.29919296503067017], 87.83924664892359]
3697.png	[[0.3303983211517334, 0.3314432203769684], 87.84084768991663]
3707.png	[[0.34361928701400757, 0.3447496294975281], 87.842220824976]
3717.png	[[0.32486164569854736, 0.3258717656135559], 87.8353180027526]
3727.png	[[0.3052558898925781, 0.30614760518074036], 87.84037342853078]
3737.png	[[0.34471723437309265, 0.34585484862327576], 87.84175297433157]
3747.png	[[0.31752872467041016, 0.31849369406700134], 87.83480397415741]
3757.png	[[0.3015107214450836, 0.30238065123558044], 87.83976429252081]
3767.png	[[0.33684664964675903, 0.3379327654838562], 87.84132687524725]
3777.png	[[0.31235918402671814, 0.3132929503917694], 87.83419294475421]
3787.png	[[0.2978177070617676, 0.29866647720336914], 87.83923035034825]
3797.png	[[0.3305072486400604, 0.3315528333187103], 87.84082099952694]
3807.png	[[0.34416577219963074, 0.34529972076416016], 87.84220408335013]
3817.png	[[0.32486164569854736, 0.3258717656135559], 87.8353174211769]
3827.png	[[0.3043448328971863, 0.3052312433719635], 87.8403145891891]
3837.png	[[0.3453892171382904, 0.3465312719345093], 87.84177531655898]
3847.png	[[0.316473126411438, 0.3174316883087158], 87.83477841451382]
3857.png	[[0.30135661363601685, 0.30222567915916443], 87.83979689097823]
3867.png	[[0.3375289738178253, 0.33861953020095825], 87.84131774923334]
3877.png	[[0.3122621774673462, 0.3131953477859497], 87.83421418224056]
3887.png	[[0.29738232493400574, 0.29822856187820435], 87.83920460254859]
3897.png	[[0.3302041292190552, 0.33124783635139465], 87.84088011664433]
3907.png	[[0.34386444091796875, 0.3449964225292206], 87.84222723364041]
3917.png	[[0.3249656558036804, 0.3259764313697815], 87.83531168202377]
3927.png	[[0.3049333989620209, 0.3058232367038727], 87.84035360983827]
3937.png	[[0.34452953934669495, 0.34566590189933777], 87.84178867349391]
3947.png	[[0.3171738386154175, 0.318136602640152], 87.83476580323627]
3957.png	[[0.30167946219444275, 0.30255037546157837], 87.83978270737418]
3967.png	[[0.3372017741203308, 0.3382902443408966], 87.84129313136008]
3977.png	[[0.45711955428123474, 0.4591221511363983], 87.83153526370539]
3987.png	[[0.23610639572143555, 0.23663951456546783], 87.84090350098354]
3997.png	[[0.32687416672706604, 0.3278968632221222], 87.84152379376631]
4007.png	[[0.3173716366291046, 0.3183356523513794], 87.84334324903254]
4017.png	[[0.24876157939434052, 0.24935346841812134], 87.84244295472028]
4027.png	[[0.24950477480888367, 0.25010019540786743], 87.84515419827233]
4037.png	[[0.2585619390010834, 0.25920143723487854], 87.84693005527002]
4047.png	[[0.17897465825080872, 0.1792808473110199], 87.84828877886159]
4057.png	[[0.17939689755439758, 0.17970451712608337], 87.85024509808699]
4067.png	[[0.17357176542282104, 0.17385971546173096], 87.85193694130288]
4077.png	[[0.1668015867471695, 0.1670674830675125], 87.85336806637834]
4087.png	[[0.09203208237886429, 0.09211298078298569], 87.85507217448946]
4097.png	[[0.08314067125320435, 0.08320669084787369], 87.85626324252496]
4107.png	[[0.05487358570098877, 0.054902333766222], 87.85715712375303]
4117.png	[[0.008214684203267097, 0.008215328678488731], 87.85778222153668]
4127.png	[[-0.02157481014728546, -0.021570367738604546], 87.85792099018364]
4137.png	[[0.01623576320707798, 0.016238277778029442], 87.85788493846388]
4147.png	[[-0.011606224812567234, -0.011604939587414265], 87.85787339042133]
4157.png	[[0.01623576320707798, 0.016238277778029442], 87.8578794443512]
4167.png	[[-0.006550714373588562, -0.0065503050573170185], 87.85790237256025]
4177.png	[[0.0, 0.0], 87.85786076487462]
4187.png	[[0.0, 0.0], 87.85784999195322]
4197.png	[[0.0, 0.0], 87.85786754349282]
4207.png	[[0.0, 0.0], 87.8578661335677]
4217.png	[[0.0, 0.0], 87.85785625489197]
4227.png	[[0.004631850402802229, 0.004632055293768644], 87.85788330466197]
4237.png	[[0.0, 0.0], 87.8578700018935]
4247.png	[[0.0, 0.0], 87.85788029601318]
4257.png	[[0.01623576320707798, 0.016238277778029442], 87.85790410828756]
4267.png	[[0.0, 0.0], 87.85787159722652]
4277.png	[[0.0, 0.0], 87.85788576392464]
4287.png	[[0.0, 0.0], 87.85786926020053]
4297.png	[[0.0, 0.0], 87.85787744773815]
4307.png	[[0.0, 0.0], 87.85786489778098]
4317.png	[[0.0, 0.0], 87.85788413674506]
4327.png	[[0.0, 0.0], 87.8578559565821]
4337.png	[[0.0, 0.0], 87.85785658395675]
4347.png	[[0.0, 0.0], 87.85785840993647]
4357.png	[[0.0, 0.0], 87.85787221637658]
4367.png	[[0.0, 0.0], 87.85785871956688]
4377.png	[[0.0, 0.0], 87.85785402070493]
4387.png	[[-0.016238277778029442, -0.01623576320707798], 87.85787317953354]
4397.png	[[0.01623576320707798, 0.016238277778029442], 87.85788951495607]
4407.png	[[0.0, 0.0], 87.85785019527061]
4417.png	[[0.01623576320707798, 0.016238277778029442], 87.85788205869306]
4427.png	[[0.0, 0.0], 87.85786588114338]
4437.png	[[0.0, 0.0], 87.85787793129549]
4447.png	[[0.0, 0.0], 87.8578696631443]
4457.png	[[0.0, 0.0], 87.85786097535299]
4467.png	[[0.0, 0.0], 87.85785093861631]
4477.png	[[0.0, 0.0], 87.85785823793077]
4487.png	[[0.0, 0.0], 87.8578676038043]
4497.png	[[0.01623576320707798, 0.016238277778029442], 87.85792250087438]
4507.png	[[0.0, 0.0], 87.85785685842045]
4517.png	[[0.0, 0.0], 87.85787332179054]
4527.png	[[0.0, 0.0], 87.8578634053142]
4537.png	[[0.01623576320707798, 0.016238277778029442], 87.85788140482859]
4547.png	[[0.0, 0.0], 87.8578543949962]
4557.png	[[0.0, 0.0], 87.857850048437]
4567.png	[[0.004631850402802229, 0.004632055293768644], 87.8578777857973]
4577.png	[[0.0, 0.0], 87.85787113754563]
4587.png	[[0.0, 0.0], 87.8578528484616]
4597.png	[[0.0, 0.0], 87.85789399753722]
4607.png	[[0.004631850402802229, 0.004632055293768644], 87.85787946002571]
4617.png	[[0.0, 0.0], 87.85786574494628]
4627.png	[[0.004631850402802229, 0.004632055293768644], 87.85787138235185]
4637.png	[[0.0, 0.0], 87.85786436043433]
4647.png	[[0.0, 0.0], 87.85787426637246]
4657.png	[[0.0, 0.0], 87.8578708225987]
4667.png	[[0.0, 0.0], 87.85788140325909]
4677.png	[[0.0, 0.0], 87.85786363314809]
4687.png	[[0.0, 0.0], 87.85785660839295]
4697.png	[[0.0, 0.0], 87.8578562309576]
4707.png	[[0.0, 0.0], 87.85785685045354]
4717.png	[[-0.016238277778029442, -0.01623576320707798], 87.85787934502083]
4727.png	[[0.0, 0.0], 87.85785634577057]
4737.png	[[0.004631850402802229, 0.004632055293768644], 87.85788845263828]
4747.png	[[0.0, 0.0], 87.85787939908909]
4757.png	[[0.0, 0.0], 87.8578674013383]
4767.png	[[0.0, 0.0], 87.8578805247375]
4777.png	[[0.0, 0.0], 87.85785556628713]
4787.png	[[0.01623576320707798, 0.016238277778029442], 87.85789882990669]
4797.png	[[0.01623576320707798, 0.016238277778029442], 87.85790071962468]
4807.png	[[-0.004632055293768644, -0.004631850402802229], 87.85787014011763]
4817.png	[[0.03793251886963844, 0.03794625401496887], 87.85738704674722]
4827.png	[[0.03212018683552742, 0.03213003650307655], 87.85774691740899]
4837.png	[[0.03880736976861954, 0.0388217456638813], 87.85766079604215]
4847.png	[[0.04669138789176941, 0.046712201088666916], 87.85760277281062]
4857.png	[[0.11510290205478668, 0.11522945761680603], 87.85510555738247]
4867.png	[[0.08693596720695496, 0.08700813353061676], 87.85630341286493]
4877.png	[[0.13228780031204224, 0.1324549913406372], 87.85573278833205]
4887.png	[[0.19841794669628143, 0.19879430532455444], 87.85000684503095]
4897.png	[[0.1799728274345398, 0.18028241395950317], 87.85176792059872]
4907.png	[[0.25500383973121643, 0.25562581419944763], 87.85009241233246]
4917.png	[[0.3048199415206909, 0.3057091236114502], 87.83963504581358]
4927.png	[[0.3159521222114563, 0.31690752506256104], 87.84075510743715]
4937.png	[[0.4245466887950897, 0.4262734651565552], 87.83673180106173]
4947.png	[[0.346110075712204, 0.34725692868232727], 87.82945261675549]
4957.png	[[0.3462032079696655, 0.3473506569862366], 87.83555493634415]
4967.png	[[0.3817339241504669, 0.38312944769859314], 87.83750227276876]
4977.png	[[0.35080915689468384, 0.35198739171028137], 87.82881873765494]
4987.png	[[0.3386801481246948, 0.33977821469306946], 87.83492872272757]
4997.png	[[0.3749268352985382, 0.376272976398468], 87.83690791303479]
5007.png	[[0.39074400067329407, 0.3922062814235687], 87.83853085571664]
5017.png	[[0.3656110167503357, 0.36689096689224243], 87.83013464019055]
5027.png	[[0.3467901349067688, 0.347941517829895], 87.83629093335986]
5037.png	[[0.39133307337760925, 0.3927997946739197], 87.83803835391544]
5047.png	[[0.3566398024559021, 0.3578576147556305], 87.82951095667039]
5057.png	[[0.3434019088745117, 0.3445308208465576], 87.83559244648524]
5067.png	[[0.382528692483902, 0.3839300572872162], 87.83748802686797]
5077.png	[[0.3509879410266876, 0.35216742753982544], 87.82879051165565]
5087.png	[[0.33859285712242126, 0.33969032764434814], 87.83488808709181]
5097.png	[[0.37487825751304626, 0.37622401118278503], 87.83695968986703]
5107.png	[[0.3908601403236389, 0.3923233151435852], 87.83849434926785]
5117.png	[[0.36565759778022766, 0.3669378459453583], 87.8301559206363]
5127.png	[[0.34697413444519043, 0.34812667965888977], 87.83622205938804]
5137.png	[[0.3913819491863251, 0.39284902811050415], 87.83804896896969]
5147.png	[[0.3565564751625061, 0.35777372121810913], 87.82943043044608]
5157.png	[[0.3430166244506836, 0.34414300322532654], 87.83561405715447]
5167.png	[[0.38233378529548645, 0.38373371958732605], 87.83745518900362]
5177.png	[[0.3510809540748596, 0.3522610366344452], 87.8288165596336]
5187.png	[[0.3389285206794739, 0.34002816677093506], 87.83488841583629]
5197.png	[[0.3278625011444092, 0.32889142632484436], 87.83777332939871]
5207.png	[[0.39669692516326904, 0.3982042372226715], 87.83852323393764]
5217.png	[[0.36353933811187744, 0.36480477452278137], 87.83007259295408]
5227.png	[[0.3476075530052185, 0.3487643599510193], 87.83629694638306]
5237.png	[[0.39159610867500305, 0.39306482672691345], 87.83800384002784]
5247.png	[[0.35610923171043396, 0.35732340812683105], 87.82945407490483]
5257.png	[[0.34311673045158386, 0.3442437946796417], 87.83558327260472]
5267.png	[[0.382816880941391, 0.38422033190727234], 87.83744282977995]
5277.png	[[0.3510809540748596, 0.3522610366344452], 87.82879730549519]
5287.png	[[0.3387297987937927, 0.33982816338539124], 87.83492872056105]
5297.png	[[0.37465837597846985, 0.37600255012512207], 87.83690652099386]
5307.png	[[0.39104247093200684, 0.39250701665878296], 87.83850661736892]
5317.png	[[0.3647903501987457, 0.36606454849243164], 87.83017974611901]
5327.png	[[0.3474240303039551, 0.34857961535453796], 87.8362381354343]
5337.png	[[0.39133307337760925, 0.3927997946739197], 87.83804333437838]
5347.png	[[0.3567233681678772, 0.3579416871070862], 87.82945794004766]
5357.png	[[0.342831552028656, 0.34395673871040344], 87.83556616319487]
5367.png	[[0.3825773596763611, 0.38397911190986633], 87.83749955827113]
5377.png	[[0.35153138637542725, 0.352714478969574], 87.82879307883361]
5387.png	[[0.3383067548274994, 0.33940234780311584], 87.83493478818565]
5397.png	[[0.375488817691803, 0.37683895230293274], 87.83687572208137]
5407.png	[[0.3902108371257782, 0.3916691541671753], 87.83852052780315]
5417.png	[[0.36512452363967896, 0.3664010465145111], 87.83016098594334]
5427.png	[[0.3473415672779083, 0.34849655628204346], 87.8362658536017]
5437.png	[[0.39159613847732544, 0.39306485652923584], 87.83799569036482]
5447.png	[[0.3563796281814575, 0.35759562253952026], 87.82948676454711]
5457.png	[[0.34306666254997253, 0.34419339895248413], 87.83560369360434]
5467.png	[[0.38233378529548645, 0.38373371958732605], 87.83745206700775]
5477.png	[[0.3510809540748596, 0.3522610366344452], 87.82879973482426]
5487.png	[[0.3387795090675354, 0.3398782014846802], 87.83485952067076]
5497.png	[[0.37465837597846985, 0.37600255012512207], 87.83691012242063]
5507.png	[[0.39037731289863586, 0.39183685183525085], 87.83855131828247]
5517.png	[[0.3664100766181946, 0.3676955997943878], 87.83013543958336]
5527.png	[[0.34697410464286804, 0.34812667965888977], 87.83627450073756]
5537.png	[[0.391926646232605, 0.39339780807495117], 87.83805486746836]
5547.png	[[0.3567800521850586, 0.357998788356781], 87.8294503741716]
5557.png	[[0.34288156032562256, 0.34400704503059387], 87.83563034115642]
5567.png	[[0.3820939064025879, 0.3834920823574066], 87.8374655486375]
5577.png	[[0.3511739671230316, 0.35235467553138733], 87.82882126634718]
5587.png	[[0.3389163911342621, 0.3400159478187561], 87.83491100759902]
5597.png	[[0.37465837597846985, 0.37600255012512207], 87.83691424679184]
5607.png	[[0.3901946246623993, 0.39165282249450684], 87.83854310944464]
5617.png	[[0.3660040497779846, 0.367286741733551], 87.83012806762498]
5627.png	[[0.34663841128349304, 0.3477887511253357], 87.83628548234523]
5637.png	[[0.3910021185874939, 0.39246636629104614], 87.83805392803662]
5647.png	[[0.3569466173648834, 0.35816651582717896], 87.82946052584394]
5657.png	[[0.3432168662548065, 0.3443445861339569], 87.83560882851782]
5667.png	[[0.3828655779361725, 0.3842693865299225], 87.8374859460981]
5677.png	[[0.3507232964038849, 0.35190096497535706], 87.82880401996357]
5687.png	[[0.33835646510124207, 0.3394523859024048], 87.83492438072184]
5697.png	[[0.3750009536743164, 0.3763476312160492], 87.8369147077033]
5707.png	[[0.3901946246623993, 0.39165282249450684], 87.83855770829095]
5717.png	[[0.36565762758255005, 0.36693787574768066], 87.83014217352506]
5727.png	[[0.3464544415473938, 0.34760355949401855], 87.83628765108354]
5737.png	[[0.3912164866924286, 0.39268237352371216], 87.83800689202752]
5747.png	[[0.356686532497406, 0.35790467262268066], 87.82944551098619]
5757.png	[[0.34288159012794495, 0.34400707483291626], 87.83559730590352]
5767.png	[[0.3822401762008667, 0.3836394250392914], 87.83749612338448]
5777.png	[[0.35143840312957764, 0.3526208698749542], 87.8287880227573]
5787.png	[[0.338207483291626, 0.3393024206161499], 87.83489595861954]
5797.png	[[0.37478119134902954, 0.376126229763031], 87.8368981690904]
5807.png	[[0.390044242143631, 0.3915013372898102], 87.83857801653059]
5817.png	[[0.36578428745269775, 0.3670654594898224], 87.8301295880407]
5827.png	[[0.3465050458908081, 0.3476544916629791], 87.83630514167851]
5837.png	[[0.391547292470932, 0.39301562309265137], 87.83803039978325]
5847.png	[[0.3565931022167206, 0.3578105866909027], 87.82945162405284]
5857.png	[[0.3433518707752228, 0.3444804251194], 87.83560707660853]
5867.png	[[0.3822138011455536, 0.38361284136772156], 87.83748162200828]
5877.png	[[0.35153141617774963, 0.35271450877189636], 87.82878285746796]
5887.png	[[0.3385928273200989, 0.33969029784202576], 87.83490893671318]
5897.png	[[0.3748297095298767, 0.3761751353740692], 87.83693404033205]
5907.png	[[0.39064374566078186, 0.3921053111553192], 87.83853185667964]
5917.png	[[0.36592409014701843, 0.3672062158584595], 87.83013980076751]
5927.png	[[0.34720849990844727, 0.34836259484291077], 87.8362639577492]
5937.png	[[0.391547292470932, 0.39301562309265137], 87.83801298530435]
5947.png	[[0.3564630150794983, 0.3576796054840088], 87.82942801491436]
5957.png	[[0.34311679005622864, 0.3442438244819641], 87.8355791615619]
5967.png	[[0.3827681839466095, 0.3841712772846222], 87.83747296996508]
5977.png	[[0.3511274755001068, 0.35230785608291626], 87.82879523903381]
5987.png	[[0.3385808765888214, 0.3396782875061035], 87.83491339236186]
5997.png	[[0.37495240569114685, 0.3762986958026886], 87.8369300484953]
6007.png	[[0.3906277120113373, 0.39208918809890747], 87.83855018349387]
6017.png	[[0.36551788449287415, 0.36679717898368835], 87.83013583304111]
6027.png	[[0.3465050458908081, 0.3476544916629791], 87.83628297746347]
6037.png	[[0.3919754922389984, 0.39344701170921326], 87.83803841251314]
6047.png	[[0.3567800521850586, 0.357998788356781], 87.82945990025016]
6057.png	[[0.342460960149765, 0.34358370304107666], 87.83558768891015]
6067.png	[[0.38269710540771484, 0.38409969210624695], 87.83752415333042]
6077.png	[[0.3511275351047516, 0.35230791568756104], 87.82875535347407]
6087.png	[[0.3388291597366333, 0.33992817997932434], 87.83486545338245]
6097.png	[[0.37544023990631104, 0.37679001688957214], 87.83688653120696]
6107.png	[[0.39047741889953613, 0.3919377326965332], 87.83854757372714]
6117.png	[[0.3663167655467987, 0.3676016628742218], 87.83012100016109]
6127.png	[[0.34710732102394104, 0.348260760307312], 87.83626149097421]
6137.png	[[0.3914307951927185, 0.3928982615470886], 87.83804121798718]
6147.png	[[0.356863409280777, 0.35808271169662476], 87.82945896891295]
6157.png	[[0.3426462709903717, 0.34377020597457886], 87.83562279545913]
6167.png	[[0.3825509548187256, 0.3839524984359741], 87.83750455627192]
6177.png	[[0.35108092427253723, 0.3522610068321228], 87.8288269876728]
6187.png	[[0.33850547671318054, 0.33960238099098206], 87.83495067924913]
6197.png	[[0.3745611906051636, 0.3759046792984009], 87.8369785900624]
6207.png	[[0.39052751660346985, 0.39198821783065796], 87.83854126784753]
6217.png	[[0.3658774793148041, 0.36715927720069885], 87.83014358359053]
6227.png	[[0.3465050458908081, 0.3476544916629791], 87.83629104310997]
6237.png	[[0.39169377088546753, 0.39316320419311523], 87.83810135384242]
6247.png	[[0.35654646158218384, 0.3577636480331421], 87.82946614796056]
6257.png	[[0.34274643659591675, 0.34387102723121643], 87.83559975880533]
6267.png	[[0.38259974122047424, 0.38400161266326904], 87.83746372163677]
6277.png	[[0.3509022295475006, 0.3520810902118683], 87.82880905529835]
6287.png	[[0.338207483291626, 0.3393024206161499], 87.83488306286479]
6297.png	[[0.37478119134902954, 0.376126229763031], 87.83689245916003]
6307.png	[[0.39009442925453186, 0.3915518820285797], 87.83853651616492]
6317.png	[[0.3663167655467987, 0.3676016628742218], 87.8301631522681]
6327.png	[[0.3465050756931305, 0.3476545214653015], 87.83625782174892]
6337.png	[[0.39095330238342285, 0.39241716265678406], 87.83803014944944]
6347.png	[[0.35641634464263916, 0.3576326072216034], 87.82945786452991]
6357.png	[[0.34298175573349, 0.34410789608955383], 87.83559083747389]
6367.png	[[0.3829631209373474, 0.3843676745891571], 87.83748728870435]
6377.png	[[0.3513528108596802, 0.3525347113609314], 87.82873829636121]
6387.png	[[0.3388291597366333, 0.33992815017700195], 87.83490550843756]
6397.png	[[0.374487042427063, 0.3758299946784973], 87.83693629295001]
6407.png	[[0.3902108371257782, 0.3916691541671753], 87.83852351370814]
6417.png	[[0.3386232554912567, 0.3397209048271179], 87.82886345056417]
6427.png	[[0.3391437828540802, 0.3402447998523712], 87.83655333708083]
6437.png	[[0.39489617943763733, 0.39638975262641907], 87.83795954884522]
6447.png	[[0.35612952709198, 0.35734379291534424], 87.82940029948045]
6457.png	[[0.3429165780544281, 0.3440423011779785], 87.83562933464985]
6467.png	[[0.3821914792060852, 0.38359034061431885], 87.83745734162589]
6477.png	[[0.3509022295475006, 0.3520810902118683], 87.82878351839128]
6487.png	[[0.33811989426612854, 0.3392142951488495], 87.83491542162375]
6497.png	[[0.3746098279953003, 0.37595364451408386], 87.83690073797354]
6507.png	[[0.39086008071899414, 0.39232325553894043], 87.83858795954193]
6517.png	[[0.36553090810775757, 0.36681029200553894], 87.83009249625323]
6527.png	[[0.346771776676178, 0.34792301058769226], 87.83629329571953]
6537.png	[[0.39149850606918335, 0.39296644926071167], 87.83797980589831]
6547.png	[[0.3569101393222809, 0.3581297695636749], 87.8294527363705]
6557.png	[[0.3424609303474426, 0.3435836732387543], 87.83561529858399]
6567.png	[[0.38238245248794556, 0.3837827444076538], 87.83746458584702]
6577.png	[[0.351306289434433, 0.35248786211013794], 87.82876083456878]
6587.png	[[0.3385431468486786, 0.3396402895450592], 87.83490109098643]
6597.png	[[0.37544023990631104, 0.37679001688957214], 87.83688682318837]
6607.png	[[0.39031097292900085, 0.39177003502845764], 87.83855478316202]
6617.png	[[0.36622363328933716, 0.36750784516334534], 87.83010529613414]
6627.png	[[0.3462197482585907, 0.3473672866821289], 87.83631639780502]
6637.png	[[0.3917613923549652, 0.3932313621044159], 87.83803583974831]
6647.png	[[0.3563796281814575, 0.35759562253952026], 87.82945205975018]
6657.png	[[0.34293168783187866, 0.34405750036239624], 87.83558828678788]
6667.png	[[0.383180171251297, 0.3845863342285156], 87.83748999363968]
6677.png	[[0.348146915435791, 0.3493073284626007], 87.83368711966496]
6687.png	[[0.3490629494190216, 0.3502294719219208], 87.83764562286976]
6697.png	[[0.38340985774993896, 0.3848176598548889], 87.83944380251998]
6707.png	[[0.3752623498439789, 0.3766108751296997], 87.84135144770794]
6717.png	[[0.29761019349098206, 0.2984577417373657], 87.84020674681003]
6727.png	[[0.30526429414749146, 0.30615606904029846], 87.84323788812549]
6737.png	[[0.32208511233329773, 0.3230780363082886], 87.84530433761513]
6747.png	[[0.22486814856529236, 0.22535167634487152], 87.84620412173783]
6757.png	[[0.2222011685371399, 0.22267329692840576], 87.84877594109489]
6767.png	[[0.16625376045703888, 0.1665179282426834], 87.84964859807565]
6777.png	[[0.14881975948810577, 0.1490313857793808], 87.85194594508425]
6787.png	[[0.1386861354112625, 0.13886991143226624], 87.85379579503848]
6797.png	[[0.11781104654073715, 0.11794363707304001], 87.85533471153666]
6807.png	[[0.08002122491598129, 0.08008237928152084], 87.85573865974047]
6817.png	[[0.040391117334365845, 0.040406689047813416], 87.85717973611357]
6827.png	[[0.05634219944477081, 0.0563725046813488], 87.85735766752983]
6837.png	[[0.35566985607147217, 0.3568810224533081], 87.85636754063098]
6847.png	[[0.06494618952274323, 0.0649864673614502], 87.8563502354391]
6857.png	[[0.09784518927335739, 0.09793662279844284], 87.85625358279357]
6867.png	[[0.11781703680753708, 0.11794961988925934], 87.8559375746918]
6877.png	[[0.09616060554981232, 0.09624892473220825], 87.85561197214294]
6887.png	[[0.08945383876562119, 0.08953025192022324], 87.8561335130719]
6897.png	[[0.09780683368444443, 0.0978982001543045], 87.85640021272843]
6907.png	[[0.06616197526454926, 0.066203773021698], 87.85662444276994]
6917.png	[[0.06851396709680557, 0.06855878233909607], 87.85696471323097]
6927.png	[[0.0638221949338913, 0.06386108696460724], 87.8571907650469]
6937.png	[[0.03257230669260025, 0.03258243203163147], 87.85750936516428]
6947.png	[[0.031297340989112854, 0.03130669146776199], 87.85769772704623]
6957.png	[[0.029874365776777267, 0.02988288551568985], 87.85788395720863]
6967.png	[[0.008214680477976799, 0.008215324953198433], 87.85797467166773]
6977.png	[[-0.013700280338525772, -0.013698489405214787], 87.85802149968528]
6987.png	[[0.006550302263349295, 0.0065507120452821255], 87.85802028998879]
6997.png	[[-0.016413675621151924, -0.016411105170845985], 87.8580166949696]
7007.png	[[-0.02683035098016262, -0.026823479682207108], 87.85775471585427]
7017.png	[[-0.02026398666203022, -0.020260067656636238], 87.85788882541432]
7027.png	[[-0.03366563096642494, -0.033654820173978806], 87.85784942368821]
7037.png	[[-0.27271604537963867, -0.27200818061828613], 87.85735539536456]
7047.png	[[-0.03668779134750366, -0.03667495399713516], 87.85730489129631]
7057.png	[[-0.05901062488555908, -0.058977413922548294], 87.8573206052199]
7067.png	[[-0.06733138859272003, -0.06728816032409668], 87.85717409865505]
7077.png	[[-0.06757982820272446, -0.06753627955913544], 87.85670650985142]
7087.png	[[-0.07548944652080536, -0.075435109436512], 87.85658802237735]
7097.png	[[-0.09280259907245636, -0.09272048622369766], 87.78900328134495]
7107.png	[[-0.10120224207639694, -0.10110460221767426], 87.57841611588321]
7117.png	[[-0.06389389932155609, -0.06385497748851776], 87.20690251708001]
7127.png	[[-0.06511089205741882, -0.06507046520709991], 86.67382544809415]
7137.png	[[-0.059798456728458405, -0.05976435914635658], 86.01381171732726]
7147.png	[[-0.032307565212249756, -0.032297611236572266], 85.325726647512]
7157.png	[[-0.025198912248015404, -0.025192854925990105], 84.63789281717192]
7167.png	[[-0.012714816257357597, -0.012713273987174034], 83.95023245229476]
7177.png	[[0.0, 0.0], 83.26253853491862]
7187.png	[[0.0, 0.0], 82.5881581469605]
7197.png	[[0.0, 0.0], 81.92109419184393]
7207.png	[[0.01647166907787323, 0.01647425815463066], 81.2536235450227]
7217.png	[[0.004706000909209251, 0.004706212319433689], 80.58562987596913]
7227.png	[[0.0, 0.0], 79.91747313007627]
7237.png	[[0.0, 0.0], 78.91321834524956]
7247.png	[[0.0, 0.0], 78.58987264439129]
7257.png	[[0.0, 0.0], 77.91754446338074]
7267.png	[[-0.016618357971310616, -0.016615722328424454], 77.2411073468672]
7277.png	[[0.0, 0.0], 76.57183615548398]
7287.png	[[0.0, 0.0], 75.90156762442965]
7297.png	[[0.0, 0.0], 75.2309774121083]
7307.png	[[0.0, 0.0], 74.56036542308215]
7317.png	[[0.0, 0.0], 73.88968614852163]
7327.png	[[0.0, 0.0], 71.70054344600968]
7337.png	[[0.0, 0.0], 72.6665101252654]
7347.png	[[-0.004797178320586681, -0.004796958528459072], 71.69507462721583]
7357.png	[[-0.004803797230124474, -0.00480357650667429], 71.04802035414306]
7367.png	[[0.0, 0.0], 70.38098281330473]
7377.png	[[0.0, 0.0], 69.71327921901958]
7387.png	[[0.006822137162089348, 0.006822581402957439], 69.04610513332561]
7397.png	[[0.0, 0.0], 68.37857437438481]
7407.png	[[0.0, 0.0], 67.71095035415021]
7417.png	[[0.0, 0.0], 67.0412416467998]
7427.png	[[0.0, 0.0], 66.37155169081618]
7437.png	[[0.0, 0.0], 65.70172224419426]
7447.png	[[0.0, 0.0], 65.03177069678961]
7457.png	[[-0.017080387100577354, -0.017077600583434105], 64.36165150218432]
7467.png	[[0.01710166223347187, 0.017104454338550568], 63.6913654219788]
7477.png	[[-0.01712852530181408, -0.017125725746154785], 63.020910688924864]
7487.png	[[0.0, 0.0], 62.350351481177064]
7497.png	[[-0.004900407511740923, -0.0049001784063875675], 61.575153208107366]
7507.png	[[-0.034716587513685226, -0.03470509126782417], 57.705256463367746]
7517.png	[[0.0, 0.0], 57.81433242770656]
7527.png	[[0.0, 0.0], 57.83666623109934]
7537.png	[[0.00990686472505331, 0.009907800704240799], 57.829738074675184]
7547.png	[[0.0, 0.0], 57.83088207333631]
7557.png	[[0.0, 0.0], 57.830751282082964]
7567.png	[[0.0, 0.0], 57.830753523180064]
7577.png	[[0.0, 0.0], 57.830760201531646]
7587.png	[[0.0, 0.0], 57.83074667949204]
7597.png	[[0.0, 0.0], 57.830760008524116]
7607.png	[[0.0, 0.0], 57.83075297418642]
7617.png	[[0.0, 0.0], 57.83076001052719]
7627.png	[[0.0, 0.0], 57.83075984384839]
7637.png	[[0.0, 0.0], 57.83076001094054]
7647.png	[[0.0, 0.0], 57.83075984273931]
7657.png	[[0.0, 0.0], 57.830753144595015]
7667.png	[[0.0, 0.0], 57.83075297771652]
7677.png	[[0.0, 0.0], 57.830760010324795]
7687.png	[[0.0, 0.0], 57.83075297781737]
7697.png	[[-0.07760298997163773, -0.07754556834697723], 57.83053754239564]
7707.png	[[-0.060110945254564285, -0.06007648631930351], 57.830883157803264]
7717.png	[[-0.04908040910959244, -0.04905743524432182], 57.83072054123411]
7727.png	[[3.492077589035034, 3.612290143966675], 57.78656844953778]
7737.png	[[1.2533432245254517, 1.268511414527893], 57.771157504207025]
7747.png	[[-0.6184216737747192, -0.6147939562797546], 57.83845820667645]
7757.png	[[-0.3375548720359802, -0.3364711403846741], 57.8179687878871]
7767.png	[[-0.3701167106628418, -0.3688142001628876], 57.82441698053292]
7777.png	[[-0.3203884959220886, -0.3194120228290558], 57.81933917309738]
7787.png	[[-0.6014774441719055, -0.5980451703071594], 57.80895914441199]
7797.png	[[-0.1743660420179367, -0.1740764081478119], 57.818840410466585]
7807.png	[[-0.18278272449970245, -0.18246448040008545], 57.82393664429786]
7817.png	[[-0.4949187934398651, -0.49259263277053833], 57.81263680348669]
7827.png	[[-0.20005638897418976, -0.19967521727085114], 57.81632341515185]
7837.png	[[-0.20487810671329498, -0.20447836816310883], 57.82350323853223]
7847.png	[[4.4229865074157715, 4.617458343505859], 57.75807439066708]
7857.png	[[5.479551315307617, 5.7808356285095215], 57.69311428504332]
7867.png	[[5.430153846740723, 5.725902557373047], 57.540675778318956]
7877.png	[[5.446506977081299, 5.744082450866699], 48.69203611912473]
7887.png	[[2.3715527057647705, 2.426429271697998], 43.7664960890345]
7897.png	[[4.343137741088867, 4.530517578125], 39.73233917503494]
7907.png	[[2.0450921058654785, 2.0857770442962646], 34.43374172376963]
7917.png	[[1.3594999313354492, 1.3773640394210815], 33.38119854041113]
7927.png	[[-1.4586992263793945, -1.4386787414550781], 26.43293851069117]
7937.png	[[1.7829794883728027, 1.8138283491134644], 35.86411960403766]
7947.png	[[0.4787977933883667, 0.480995237827301], 44.484765044491645]
7957.png	[[5.236553192138672, 5.511122226715088], 51.264072582494414]
7967.png	[[1.1368508338928223, 1.149316668510437], 53.69079107263674]
7977.png	[[-0.24597352743148804, -0.24539758265018463], 53.68059741824078]
7987.png	[[-0.06556248664855957, -0.06552150100469589], 54.3041462226126]
7997.png	[[0.001371715567074716, 0.0013717334950342774], 53.24300426018519]
8007.png	[[0.0758066326379776, 0.07586150616407394], 52.53027606989391]
8017.png	[[0.12296466529369354, 0.1231091096997261], 51.81401156281771]
8027.png	[[0.17607824504375458, 0.17637458443641663], 51.08599092894562]
8037.png	[[0.23075170814990997, 0.23126091063022614], 50.35566217098883]
8047.png	[[0.28381726145744324, 0.2845879793167114], 49.62257652778659]
8057.png	[[4.850302219390869, 5.085057735443115], 47.9932462603454]
8067.png	[[1.0972131490707397, 1.1088206768035889], 43.833347640467956]
8077.png	[[0.7428259253501892, 0.7481284141540527], 45.33054737588367]
8087.png	[[0.8619899153709412, 0.8691381216049194], 46.80986774889493]
8097.png	[[0.6713314056396484, 0.6756594181060791], 45.79507089031563]
8107.png	[[0.5437831878662109, 0.5466193556785583], 45.03849069777609]
8117.png	[[0.5948136448860168, 0.5982087850570679], 44.3062922426551]
8127.png	[[5.397626876831055, 5.689759731292725], 43.49767777466298]
8137.png	[[2.6220810413360596, 2.689319372177124], 38.88643143793288]
8147.png	[[1.2621657848358154, 1.2775495052337646], 32.92830469675738]
8157.png	[[1.9776523113250732, 2.015674114227295], 35.87662107765384]
8167.png	[[0.843342125415802, 0.8501831889152527], 41.424854295308464]
8177.png	[[0.9931707978248596, 1.0026719570159912], 39.659323142275476]
8187.png	[[0.9746860861778259, 0.9838353395462036], 39.073443235969926]
8197.png	[[0.9629687070846558, 0.9718981981277466], 38.24458949716702]
8207.png	[[0.9390297532081604, 0.9475188851356506], 37.501159376991595]
8217.png	[[1.0902479887008667, 1.1017076969146729], 34.98202577295984]
8227.png	[[0.8083085417747498, 0.8145909309387207], 35.07964490004344]
8237.png	[[5.557008266448975, 5.867081165313721], 35.56151939366283]
8247.png	[[4.100409507751465, 4.267066478729248], 29.429747660870827]
8257.png	[[4.344245433807373, 4.531722068786621], 29.620087893882875]
8267.png	[[3.7006428241729736, 3.8358993530273438], 28.63435193589784]
8277.png	[[3.742344617843628, 3.88071870803833], 28.69374773125965]
8287.png	[[3.806504249572754, 3.949747085571289], 28.918467655166328]
8297.png	[[3.8276748657226562, 3.9725427627563477], 28.896773760975744]
8307.png	[[3.875248432159424, 4.023803234100342], 28.84262459381516]
8317.png	[[1.6560876369476318, 1.6826701164245605], 26.810352767878296]
8327.png	[[2.3357157707214355, 2.3889286518096924], 27.69426955370262]
8337.png	[[3.322357654571533, 3.4310011863708496], 28.24412054621303]
8347.png	[[2.980926275253296, 3.0681145191192627], 29.155685744311167]
8357.png	[[2.8094632625579834, 2.8867883682250977], 29.043852798217117]
8367.png	[[2.7562382221221924, 2.830624580383301], 28.815488432810913]
8377.png	[[2.159766912460327, 2.205190658569336], 28.868814324357622]
8387.png	[[1.111275315284729, 1.1231838464736938], 26.056500476453582]
8397.png	[[2.0246856212615967, 2.0645549297332764], 28.99973530267435]
8407.png	[[2.463754415512085, 2.523031234741211], 28.15922777633851]
8417.png	[[2.2922399044036865, 2.3434693813323975], 29.035223360807944]
8427.png	[[1.7460323572158813, 1.7756057977676392], 29.18314457702192]
8437.png	[[2.213986873626709, 2.2617440223693848], 29.06368750212132]
8447.png	[[0.12292826920747757, 0.12307263910770416], 28.637888057126954]
8457.png	[[2.273712635040283, 2.324108839035034], 28.876090724377125]
8467.png	[[0.1493380069732666, 0.149551123380661], 28.941140611380096]
8477.png	[[1.9049266576766968, 1.9401795864105225], 28.882999803426227]
8487.png	[[1.3010306358337402, 1.3173822164535522], 28.772560947851776]
8497.png	[[1.2608771324157715, 1.2762292623519897], 28.7395065327821]
8507.png	[[1.1380457878112793, 1.1505380868911743], 28.53225286221473]
8517.png	[[0.993600606918335, 1.0031100511550903], 28.23778399507888]
8527.png	[[0.9443508386611938, 0.9529369473457336], 27.803397411083]
8537.png	[[0.7073221206665039, 0.7121281623840332], 27.134375977529626]
8547.png	[[0.4628666341304779, 0.4649200141429901], 26.588953092023456]
8557.png	[[0.12828698754310608, 0.12844422459602356], 26.115714350014237]
8567.png	[[0.015423386357724667, 0.015425657853484154], 25.454724991684408]
8577.png	[[-0.027357833459973335, -0.027350692078471184], 24.704390903438128]
8587.png	[[0.0, 0.0], 24.0592249889834]
8597.png	[[-0.015515420585870743, -0.015513124875724316], 23.408084878614627]
8607.png	[[0.0, 0.0], 22.702687243601897]
8617.png	[[0.0, 0.0], 22.013513280741957]
8627.png	[[0.0, 0.0], 21.84654559490737]
8637.png	[[0.0, 0.0], 29.911034884271157]
8647.png	[[-0.0108298035338521, -0.010828685015439987], 28.0237950446632]
8657.png	[[-0.010809109546244144, -0.01080799475312233], 28.640385679494457]
8667.png	[[0.0, 0.0], 28.963152284048586]
8677.png	[[0.0, 0.0], 28.77643374093102]
8687.png	[[0.037853483110666275, 0.03786715865135193], 28.583563427323966]
8697.png	[[0.040643006563186646, 0.040658775717020035], 10.335303886387123]
8707.png	[[0.0, 0.0], 0.03140516697770433]
8717.png	[[0.0, 0.0], 0.031984023760119565]
8727.png	[[0.0, 0.0], 0.032014299092695174]
8737.png	[[0.03077886812388897, 0.030787913128733635], 0.03201697581531355]
8747.png	[[0.0, 0.0], 0.03201817609381818]
8757.png	[[0.0, 0.0], 0.03201862201208256]
8767.png	[[0.0, 0.0], 0.03201828003063165]
8777.png	[[0.0, 0.0], 0.031893494206049394]
8787.png	[[0.0, 0.0], 0.03151786797664672]
8797.png	[[0.0, 0.0], 0.031340247210940184]
8807.png	[[0.0, 0.0], 0.031234603212054447]
8817.png	[[0.0, 0.0], 0.03122601081370131]
8827.png	[[0.0, 0.0], 0.031253106441718796]
8837.png	[[0.0, 0.0], 0.0312629266411086]
8847.png	[[-0.030787913128733635, -0.03077886812388897], 0.03127023902265743]
8857.png	[[0.0, 0.0], 0.031272710004408844]
8867.png	[[0.0, 0.0], 0.031272435070281754]
8877.png	[[-0.04354068264365196, -0.04352260008454323], 0.031268522415541164]
8887.png	[[0.0, 0.0], 0.03167806186180688]
8897.png	[[0.0, 0.0], 0.03183731579935361]
8907.png	[[0.0, 0.0], 0.03209454066240577]
8917.png	[[0.03077886812388897, 0.030787913128733635], 0.0321599342017776]
8927.png	[[0.03077886812388897, 0.030787913128733635], 0.0321668006597466]
8937.png	[[0.04352260008454323, 0.04354068264365196], 0.032167179527573475]
8947.png	[[0.0, 0.0], 0.03216965050135494]
8957.png	[[0.0, 0.0], 0.032284134218527105]
8967.png	[[0.0, 0.0], 0.032468155256509125]
8977.png	[[0.03077886812388897, 0.030787913128733635], 0.032683728231844955]
8987.png	[[0.03077886812388897, 0.030787913128733635], 0.033064040115259964]
8997.png	[[0.04352259635925293, 0.043540678918361664], 0.03363308626716805]
9007.png	[[0.048613496124744415, 0.0486360527575016], 0.03447263776939325]
9017.png	[[0.07536043971776962, 0.07541467249393463], 0.036613526517120826]
9027.png	[[0.40455302596092224, 0.4061207175254822], 0.03945396058690873]
9037.png	[[0.49692898988723755, 0.49929651618003845], 0.042851023483475345]
9047.png	[[0.3617313802242279, 0.36298424005508423], 0.04509946301259769]
9057.png	[[0.1781722456216812, 0.17847567796707153], 0.04641831868693678]
9067.png	[[0.0, 0.0], 0.046079951694629674]
9077.png	[[0.030778855085372925, 0.03078790009021759], 0.044914741525658546]
9087.png	[[0.0, 0.0], 0.042635317438513426]
9097.png	[[0.0, 0.0], 0.03956442111781112]
9107.png	[[0.0, 0.0], 0.035680682259229046]
9117.png	[[-0.030787888914346695, -0.03077884577214718], 0.034887080503307334]
9127.png	[[0.0, 0.0], 0.03413082827940998]
9137.png	[[0.0, 0.0], 0.03475248490055557]
9147.png	[[-0.012301311828196049, -0.012299868278205395], 0.0347024680750831]
9157.png	[[0.012299864552915096, 0.012301309034228325], 0.03391799453140843]
9167.png	[[0.0, 0.0], 0.03375908335635405]
9177.png	[[-0.043089210987091064, -0.043071500957012177], 0.034062607885420114]
9187.png	[[0.0, 0.0], 0.03460040763390865]
9197.png	[[0.0, 0.0], 0.03481157739166697]
9207.png	[[-0.0256925281137228, -0.02568623051047325], 0.03430230207540367]
9217.png	[[0.012299866415560246, 0.0123013099655509], 0.033487163419456775]
9227.png	[[0.0, 0.0], 0.0340265651932911]
9237.png	[[-0.025692535564303398, -0.02568623796105385], 0.034333057688719595]
9247.png	[[-0.04308921471238136, -0.043071504682302475], 0.034815941532338635]
9257.png	[[-0.030787896364927292, -0.030778851360082626], 0.034567635057241926]
9267.png	[[0.0, 0.0], 0.033538821596468635]
9277.png	[[0.0, 0.0], 0.03391902630343788]
9287.png	[[-0.030787892639636993, -0.030778847634792328], 0.03403145141417749]
9297.png	[[0.0, 0.0], 0.034700419873810076]
9307.png	[[-0.04354065656661987, -0.04352257400751114], 0.034764776373144485]
9317.png	[[0.0, 0.0], 0.03400515187601308]
9327.png	[[0.012299864552915096, 0.01230130810290575], 0.033701739962035]
9337.png	[[-0.025692522525787354, -0.025686223059892654], 0.03409170449038744]
9347.png	[[0.0, 0.0], 0.15341577013757957]
9357.png	[[0.0, 0.0], 4.504786030690588]
9367.png	[[-0.011593328788876534, -0.011592046357691288], 11.691615627705117]
9377.png	[[-0.050150852650403976, -0.05012686550617218], 19.15867485972768]
9387.png	[[0.0, 0.0], 29.241943735378417]
9397.png	[[0.010538249276578426, 0.010539309121668339], 37.48037845779519]
9407.png	[[-0.05079624056816101, -0.05077163130044937], 46.70482476336213]
9417.png	[[0.0, 0.0], 53.11475360649855]
9427.png	[[-0.04900730028748512, -0.04898439347743988], 58.41551822429121]
9437.png	[[0.012232307344675064, 0.01223373506218195], 63.51290724479369]
9447.png	[[0.016930557787418365, 0.016933294013142586], 68.60785248317659]
9457.png	[[0.0, 0.0], 72.71381726633858]
9467.png	[[0.0, 0.0], 76.15033402170641]
9477.png	[[0.0, 0.0], 79.35367096122079]
9487.png	[[0.023232335224747658, 0.02323748730123043], 82.54426875079326]
9497.png	[[0.02307061292231083, 0.02307569421827793], 85.7297938435414]
9507.png	[[0.020870976150035858, 0.02087513357400894], 87.75844036709677]
9517.png	[[0.0, 0.0], 87.59877314343976]
9527.png	[[0.0, 0.0], 87.57760002234853]
9537.png	[[0.022973518818616867, 0.022978555411100388], 87.57841754057965]
9547.png	[[0.004634741693735123, 0.004634946584701538], 87.57508374425666]
9557.png	[[0.0, 0.0], 87.57121124686105]
9567.png	[[0.0, 0.0], 87.56759183901116]
9577.png	[[0.0, 0.0], 87.56133353464006]
9587.png	[[0.02297467365860939, 0.02297971211373806], 87.55558373393733]
9597.png	[[-0.016249259933829308, -0.016246739774942398], 87.55158271836684]
9607.png	[[-0.006555188447237015, -0.006554778199642897], 87.54872667428984]
9617.png	[[0.0, 0.0], 87.54656764826171]
9627.png	[[-0.02280496060848236, -0.02279999852180481], 87.54007502491855]
9637.png	[[0.01834219880402088, 0.018345410004258156], 87.5344726505784]
9647.png	[[0.0, 0.0], 87.52936353798441]
9657.png	[[0.004635242745280266, 0.004635447636246681], 87.52618254618906]
9667.png	[[0.0, 0.0], 87.52369254815233]
9677.png	[[0.0, 0.0], 87.51869786037342]
9687.png	[[-0.011615057475864887, -0.011613770388066769], 87.51293135458108]
9697.png	[[0.022977100685238838, 0.022982139140367508], 87.50780798018071]
9707.png	[[0.0, 0.0], 87.50398276778142]
9717.png	[[-0.016251083463430405, -0.016248563304543495], 87.50101166339982]
9727.png	[[0.0, 0.0], 87.49777665886062]
9737.png	[[0.0, 0.0], 87.4914624553498]
9747.png	[[0.022802716121077538, 0.02280767820775509], 87.48643827065743]
9757.png	[[0.0, 0.0], 87.48220269421903]
9767.png	[[-0.022983623668551445, -0.022978583350777626], 87.47887301542507]
9777.png	[[-0.02298375591635704, -0.022978713735938072], 87.47646448900352]
9787.png	[[0.0, 0.0], 87.47016146244127]
9797.png	[[0.0, 0.0], 87.46498187781184]
9807.png	[[0.004635917488485575, 0.0046361228451132774], 87.46019838584382]
9817.png	[[-0.006556516978889704, -0.006556107196956873], 87.45687954930298]
9827.png	[[-0.02298489585518837, -0.02297985553741455], 87.45391290770154]
9837.png	[[0.01625034771859646, 0.016252869740128517], 87.45097186686255]
9847.png	[[0.004636049270629883, 0.0046362546272575855], 87.44741556499888]
9857.png	[[-0.004636282101273537, -0.004636076744645834], 87.44480046561043]
9867.png	[[0.0, 0.0], 87.442680141818]
9877.png	[[0.0, 0.0], 87.4412729319569]
9887.png	[[-0.00655676843598485, -0.0065563577227294445], 87.44000938161034]
9897.png	[[0.0, 0.0], 87.43944227050153]
9907.png	[[0.0, 0.0], 87.43904035804776]
9917.png	[[0.0, 0.0], 87.43875132421171]
9927.png	[[0.011615695431828499, 0.011616983450949192], 87.43873365774803]
9937.png	[[0.004636144731193781, 0.004636350087821484], 87.43867462269756]
9947.png	[[-0.004636349156498909, -0.004636144265532494], 87.43871118667099]
9957.png	[[-0.004636350087821484, -0.004636144731193781], 87.43869666434732]
9967.png	[[0.024278104305267334, 0.02428373135626316], 87.43869311197584]
9977.png	[[0.006556376814842224, 0.006556787062436342], 87.43869959115254]
9987.png	[[0.006556376814842224, 0.006556787062436342], 87.43871482654167]
9997.png	[[-0.009696546010673046, -0.009695649147033691], 87.4387055536162]
